redglades_forest={
	location=115
	color={
		191 55 55 
	}
	inland=yes
	outgoing={
		name="viswall"
		path={
			132 
		}
		control={
			2681.000000 1574.000000 2693.000000 1571.000000 2706.000000 1580.000000 2709.000000 1590.000000 2716.000000 1603.000000 2723.000000 1603.000000 2732.000000 1595.000000 2742.000000 1587.000000 2751.000000 1595.000000 2761.000000 1598.000000 
		}
	}
	outgoing={
		name="westport"
		path={
			116 
		}
		control={
			2673.000000 1574.000000 2664.000000 1570.000000 2658.000000 1564.000000 2651.000000 1558.000000 2644.000000 1561.000000 2639.000000 1558.000000 2635.000000 1551.000000 2623.000000 1548.000000 
		}
	}
	outgoing={
		name="bay_of_wines"
		path={
			70 
		}
		control={
			2675.000000 1565.000000 2679.000000 1557.000000 2687.000000 1552.000000 2690.000000 1547.000000 2701.000000 1530.000000 2695.000000 1522.000000 2692.000000 1513.000000 2683.000000 1513.000000 2675.000000 1509.000000 2674.000000 1500.000000 2683.000000 1499.000000 2687.000000 1495.000000 2690.000000 1487.000000 2694.000000 1484.000000 2702.000000 1485.000000 2709.000000 1479.000000 2715.000000 1478.000000 
		}
	}
	members={
		120 115 116 117 118 77 1931 1810 1845 2854 1879 2642 
	}
	ai_will_propagate_through_trade=yes
}
ruby_mountains={
	location=62
	color={
		239 52 52 
	}
	inland=yes
	outgoing={
		name="beepeck"
		path={
			152 
		}
		control={
			2753.000000 1546.000000 2759.000000 1558.000000 2765.000000 1575.000000 2766.000000 1586.000000 2772.000000 1590.000000 2780.000000 1582.000000 2783.000000 1580.000000 2794.000000 1577.000000 
		}
	}
	outgoing={
		name="bay_of_wines"
		path={
			69 
		}
		control={
			2742.000000 1556.000000 2735.000000 1557.000000 2734.000000 1550.000000 2734.000000 1543.000000 2736.000000 1536.000000 2733.000000 1530.000000 2724.000000 1529.000000 2718.000000 1517.000000 2719.000000 1497.000000 
		}
	}
	members={
		65 64 62 
		5973 5988 5990 5989 5985 5982 5983 5984 5987 5956 5979
	}
	ai_will_propagate_through_trade=yes
}
khaashalg={
	location=5381
	color={
		90 90 105 
	}
	inland=yes
	outgoing={
		name="nuugdanghan"
		path={
			5406 
		}
		control={
			4261.000000 1480.000000 
		}
	}
	outgoing={
		name="baogzhad"
		path={
			5472 
		}
		control={
			4271.000000 1563.000000 4319.000000 1583.000000 4429.000000 1554.000000 
		}
	}
	members={
		5381 5405 5379 5378 5421 5418 5382 5380 5422 5383 
	}
	ai_will_propagate_through_trade=yes
}
north_nuzurbokh={
	location=5202
	color={
		85 15 85 
	}
	inland=yes
	outgoing={
		name="north_lake"
		path={
			1139 
		}
		control={
			4171.000000 1741.000000 4128.000000 1721.000000 4094.000000 1695.000000 4073.000000 1715.000000 4062.000000 1740.000000 4020.000000 1745.000000 
		}
	}
	outgoing={
		name="the_blue_sea"
		path={
			1139 
		}
		control={
			4168.000000 1757.000000 4142.000000 1783.000000 4098.000000 1779.000000 4057.000000 1771.000000 4042.000000 1806.000000 3997.000000 1831.000000 3908.000000 1810.000000 3849.000000 1788.000000 
		}
	}
	outgoing={
		name="moduk"
		path={
			4990 
		}
		control={
			4205.000000 1781.000000 4218.000000 1821.000000 4247.000000 1852.000000 4346.000000 1869.000000 4422.000000 1883.000000 4481.000000 1900.000000 4538.000000 1903.000000 4549.000000 1888.000000 
		}
	}
	members={
		5200 5201 5202 5203 5197 5198 5199 5205 5206 5207 5208 5204 5210 5211 5212 5209 5215 5216 5220 5219 5221 5218 5192 5193 5194 5214 5196 5213 5170 5171 5172 5173 5174 5175 5177 5178 5176 5184 5185 5182 5183 5169 
	}
	ai_will_propagate_through_trade=yes
}
north_lake={
	location=5315
	color={
		25 15 5 
	}
	outgoing={
		name="central_lake"
		path={
			1139 
		}
		control={
			3995.000000 1720.000000 3990.000000 1698.000000 3992.000000 1665.000000 
		}
	}
	outgoing={
		name="the_blue_sea"
		path={
			1139 
		}
		control={
			3964.000000 1742.000000 3931.000000 1755.000000 3918.000000 1768.000000 3911.000000 1775.000000 3905.000000 1782.000000 3890.000000 1785.000000 3862.889893 1753.369995 
		}
	}
	outgoing={
		name="moduk"
		path={
			4990 
		}
		control={
			3966.570068 1750.530029 3935.000000 1759.000000 3921.000000 1770.000000 3913.000000 1777.000000 3907.000000 1786.000000 3899.000000 1805.000000 3931.000000 1851.000000 4071.000000 1880.000000 4244.000000 1877.000000 4373.000000 1891.000000 4465.000000 1913.000000 4539.000000 1916.000000 4564.000000 1903.000000 4549.000000 1888.000000 
		}
	}
	members={
		5224 5229 5235 5236 5241 5238 5239 5237 5242 5243 5249 5251 5233 5223 5195 5191 5188 5189 5190 5256 5257 5258 5259 5252 5253 5255 5260 5315 5222 5217 5254 
	}
	ai_will_propagate_through_trade=yes
}
central_lake={
	location=5312
	color={
		33 64 155 
	}
	outgoing={
		name="inner_island"
		path={
			1139 
		}
		control={
			3898.000000 1638.000000 3909.000000 1611.000000 3873.149902 1599.780029 3860.000000 1607.000000 3845.000000 1623.000000 3804.000000 1628.000000 
		}
	}
	outgoing={
		name="salahad_pass"
		path={
			1139 
		}
		control={
			3925.000000 1593.000000 3869.000000 1554.000000 
		}
	}
	members={
		5261 5262 5263 5264 5265 5266 5270 5271 5273 5267 5269 5187 5180 5167 5166 5165 5164 5163 5161 5162 5160 5159 5158 5157 5155 5156 5151 5149 5146 5145 5141 5140 5139 5135 5138 5285 5284 5283 5282 5304 5281 5280 5278 5277 5276 5312 5154 5152 5153 5136 5142 5144 5168 5186 5181 5275 5179 5288 5286 5137 5287 
	}
	ai_will_propagate_through_trade=yes
}
salahad_pass={
	location=5085
	color={
		200 155 115 
	}
	inland=yes
	outgoing={
		name="golden_highway"
		path={
			1139 
		}
		control={
			3879.000000 1405.000000 3876.000000 1368.000000 3819.000000 1313.000000 
		}
	}
	outgoing={
		name="serpent_gift"
		path={
			1139 
		}
		control={
			3816.000000 1449.000000 3777.000000 1469.000000 3716.000000 1502.000000 3643.000000 1513.000000 3621.000000 1498.000000 3590.000000 1478.000000 3582.000000 1470.000000 3582.000000 1458.000000 3601.000000 1445.000000 3614.000000 1426.000000 3609.000000 1409.000000 3598.000000 1390.000000 3586.000000 1381.000000 3571.000000 1368.000000 3544.000000 1366.000000 3528.000000 1354.000000 3517.000000 1358.000000 
		}
	}
	members={
		5080 5081 5082 5083 5084 5085 5089 5090 5091 5147 5148 5150 5143 5086 5087 5088 5076 5077 5078 5079 
	}
	ai_will_propagate_through_trade=yes
}
the_blue_sea={
	location=1444
	color={
		33 165 220 
	}
	outgoing={
		name="inner_island"
		path={
			1139 
		}
		control={
			3740.000000 1707.000000 3757.000000 1655.000000 
		}
	}
	outgoing={
		name="frost_forest"
		path={
			1139 
		}
		control={
			3712.000000 1754.000000 3675.000000 1785.000000 3626.280029 1771.680054 3587.000000 1812.000000 3548.000000 1836.000000 
		}
	}
	outgoing={
		name="moduk"
		path={
			4990 
		}
		control={
			3907.000000 1872.000000 4069.000000 1905.000000 4242.000000 1900.000000 4367.000000 1917.000000 4461.000000 1935.000000 4538.000000 1929.000000 4569.000000 1910.000000 4549.000000 1888.000000 
		}
	}
	members={
		5274 5291 5292 5293 5294 5301 5279 5272 5268 5250 5248 5247 5246 5245 5244 5119 5117 5115 5116 5018 5011 5010 5008 5320 5321 5323 5108 1444 5232 5230 5231 5234 5226 5227 5228 5225 5118 
	}
	ai_will_propagate_through_trade=yes
}
inner_island={
	location=1382
	color={
		125 11 175 
	}
	outgoing={
		name="serpent_gift"
		path={
			1139 
		}
		control={
			3723.000000 1626.000000 3702.000000 1608.000000 3695.000000 1591.000000 3690.000000 1574.000000 3675.000000 1562.000000 3656.000000 1547.000000 3646.000000 1526.000000 3617.000000 1504.000000 3584.000000 1482.000000 3578.000000 1470.000000 3576.000000 1457.000000 3591.000000 1447.000000 3604.000000 1433.000000 3609.000000 1425.000000 3602.000000 1410.000000 3594.000000 1394.000000 3580.000000 1387.000000 3568.000000 1373.000000 3550.000000 1373.000000 3537.000000 1370.000000 3529.000000 1363.000000 3519.000000 1360.000000 
		}
	}
	members={
		5111 5114 5113 5120 5122 5123 5124 5125 5126 5127 5129 5130 5134 5133 5067 5068 5071 5128 5131 5132 5075 5306 5240 5290 5289 5295 5296 5297 5298 5299 5305 5300 5302 1382 5070 5069 5065 5064 5112 5110 5109 5056 5060 5066 5121 
	}
	ai_will_propagate_through_trade=yes
}
ogre_steppe={
	location=5029
	color={
		155 141 135 
	}
	inland=yes
	outgoing={
		name="frost_forest"
		path={
			1139 
		}
		control={
			3398.000000 1633.000000 3409.000000 1639.000000 3402.000000 1649.000000 3418.000000 1681.000000 3423.000000 1696.000000 3424.000000 1704.000000 3446.000000 1716.000000 3443.000000 1731.000000 3450.000000 1746.000000 3450.000000 1752.000000 3443.000000 1761.000000 3449.000000 1766.000000 3456.000000 1763.000000 3462.000000 1763.000000 3473.000000 1755.000000 3473.000000 1762.000000 3481.000000 1781.000000 3489.000000 1790.000000 3498.000000 1797.000000 3501.000000 1809.000000 3500.000000 1822.000000 3508.000000 1835.000000 
		}
	}
	outgoing={
		name="serpent_gift"
		path={
			1139 
		}
		control={
			3374.000000 1579.000000 3439.000000 1548.000000 3527.000000 1537.000000 3583.000000 1493.000000 3575.000000 1476.000000 3574.000000 1455.000000 3591.000000 1440.000000 3601.939941 1422.599976 3586.000000 1400.000000 3571.000000 1383.000000 3556.000000 1378.000000 3536.000000 1375.000000 3522.000000 1366.000000 
		}
	}
	members={
		5024 5025 5026 5027 5028 5029 5032 5039 5031 5033 5035 5319 5030 5037 5038 5034 5036 5040 5041 5050 5042 5043 5044 5045 5049 5051 5057 5058 5061 5062 5046 5048 5047 5059 5063 5322 
	}
	ai_will_propagate_through_trade=yes
}
shamakhad={
	location=4630
	color={
		40 45 60 
	}
	inland=yes
	outgoing={
		name="jade_mines"
		path={
			4311 
		}
		control={
			4133.000000 1355.000000 4122.000000 1357.000000 4113.000000 1357.000000 4111.000000 1361.000000 4112.000000 1368.000000 4115.000000 1371.000000 4117.000000 1376.000000 4122.000000 1380.000000 4122.000000 1390.000000 4128.000000 1394.000000 4134.000000 1398.000000 4142.000000 1399.000000 4146.000000 1404.000000 4147.000000 1422.000000 
		}
	}
	outgoing={
		name="nadimraj"
		path={
			4460 
		}
		control={
			4130.000000 1343.000000 4123.000000 1339.000000 4113.000000 1343.000000 4105.000000 1339.000000 4099.000000 1335.000000 4095.000000 1334.000000 4091.000000 1325.000000 4084.000000 1317.000000 4080.000000 1307.000000 4073.000000 1297.000000 4076.000000 1289.000000 
		}
	}
	outgoing={
		name="bianfang"
		path={
			4952 
		}
		control={
			4141.000000 1340.000000 4153.000000 1331.000000 4161.000000 1319.000000 4171.000000 1316.000000 4179.000000 1304.000000 4194.000000 1292.000000 4205.000000 1301.000000 4214.000000 1309.000000 4238.000000 1299.000000 4245.000000 1288.000000 4254.000000 1283.000000 4268.000000 1282.000000 4278.000000 1273.000000 4283.000000 1258.000000 4296.000000 1246.000000 4308.000000 1245.000000 4321.000000 1251.000000 
		}
	}
	members={
		4513 4516 4517 4518 4519 4521 4522 4523 4524 4525 4526 4528 4529 4630 4530 4531 4532 4533 4534 4535 4536 4537 4538 4539 4540 4541 4542 4543 4545 4546 4549 4624 4627 4628 4629 4631 4632 4633 4634 4635 4636 4637 4638 4639 4640 4642 4507 4465 4476 
	}
	ai_will_propagate_through_trade=yes
}
jade_mines={
	location=4311
	color={
		85 195 85 
	}
	inland=yes
	outgoing={
		name="tree_of_stone"
		path={
			1139 
		}
		control={
			4126.000000 1419.000000 4116.000000 1418.000000 4107.000000 1411.000000 4097.000000 1409.000000 4096.000000 1400.000000 4080.000000 1399.000000 4073.000000 1393.000000 4074.000000 1356.000000 4066.000000 1344.000000 4065.000000 1329.000000 3994.000000 1329.000000 3983.000000 1323.000000 3948.000000 1324.000000 3944.000000 1335.000000 3944.000000 1349.000000 
		}
	}
	outgoing={
		name="bianfang"
		path={
			4952 
		}
		control={
			4156.000000 1431.000000 4169.000000 1428.000000 4190.000000 1408.000000 4207.000000 1405.000000 4209.000000 1399.000000 4220.000000 1395.000000 4231.000000 1391.000000 4251.000000 1368.000000 4262.000000 1360.000000 4269.000000 1342.000000 4272.000000 1327.000000 4276.000000 1319.000000 4280.000000 1308.000000 4276.000000 1289.000000 4282.000000 1276.000000 4287.000000 1260.000000 4299.000000 1250.000000 4309.000000 1248.000000 4321.000000 1253.000000 
		}
	}
	members={
		4301 4302 4303 4304 4305 4306 4307 4308 4309 4310 4314 4315 4316 4317 4318 4319 4320 4359 4360 4312 4350 4311 4313 4339 4338 4337 4336 4335 4334 4351 4352 4348 4349 4324 4325 4326 4353 4327 4329 4330 4331 4332 4344 4354 4345 4355 4342 4341 4340 4323 4356 
	}
	ai_will_propagate_through_trade=yes
}
tree_of_stone={
	location=4247
	color={
		140 160 200 
	}
	inland=yes
	outgoing={
		name="nadimraj"
		path={
			4460 
		}
		control={
			3944.000000 1349.000000 3944.000000 1335.000000 3944.000000 1310.000000 3942.000000 1303.000000 3922.000000 1284.000000 3923.000000 1279.000000 3930.000000 1274.000000 3944.000000 1270.000000 3950.000000 1269.000000 3958.000000 1273.000000 3960.000000 1276.000000 3965.000000 1277.000000 3965.000000 1283.000000 3972.000000 1288.000000 3974.000000 1297.000000 3978.000000 1300.000000 3985.000000 1300.000000 3991.000000 1295.000000 3995.000000 1291.000000 4005.000000 1289.000000 4007.000000 1285.000000 4013.000000 1284.000000 4018.000000 1281.000000 4024.000000 1280.000000 4028.000000 1284.000000 4043.000000 1283.000000 4048.000000 1281.000000 4063.000000 1284.000000 
		}
	}
	outgoing={
		name="rakhadesh"
		path={
			4435 
		}
		control={
			3944.000000 1349.000000 3944.000000 1335.000000 3944.000000 1310.000000 3942.000000 1303.000000 3922.000000 1284.000000 3923.000000 1279.000000 3930.000000 1274.000000 3922.000000 1263.000000 3900.000000 1229.000000 3903.000000 1208.000000 3915.000000 1198.000000 3926.000000 1190.000000 3937.000000 1181.000000 
		}
	}
	outgoing={
		name="seghdihr"
		path={
			1139 
		}
		control={
			3932.000000 1358.000000 3918.000000 1349.000000 3900.000000 1347.000000 3872.000000 1344.000000 3810.000000 1347.000000 3774.000000 1347.000000 3754.000000 1354.000000 3709.000000 1354.000000 3696.000000 1341.000000 3680.000000 1339.000000 3657.000000 1327.000000 3648.000000 1324.000000 3631.000000 1325.000000 3613.000000 1324.000000 3613.000000 1312.000000 
		}
	}
	members={
		4242 4243 4244 4245 4246 4247 4248 4249 4250 4251 4252 4253 4254 4255 4256 4257 4258 4259 4260 4261 4262 4263 4264 4265 4266 4297 4298 4300 4284 4277 4279 4280 4281 4271 4267 4282 4269 4270 4272 4292 4274 4275 4268 4283 4285 4287 4286 4288 4293 4294 4295 4296 4299 4278 4273 4290 4289 4291 
	}
	ai_will_propagate_through_trade=yes
}
frost_forest={
	location=5003
	color={
		115 111 255 
	}
	inland=yes
	outgoing={
		name="northern_pass"
		path={
			1139 
		}
		control={
			3443.000000 1826.000000 3382.000000 1805.000000 3342.000000 1784.000000 3304.000000 1769.000000 3279.000000 1769.000000 
		}
	}
	members={
		5001 5002 5003 5006 5004 5005 5303 5012 5007 5014 5015 5016 5013 5019 5020 5021 5022 5023 5106 5107 5017 
	}
	ai_will_propagate_through_trade=yes
}
moduk={
	location=4990
	color={
		20 80 10 
	}
	outgoing={
		name="odheongu"
		path={
			5356 
		}
		control={
			4547.000000 1881.000000 4584.000000 1854.000000 4606.000000 1820.000000 4604.000000 1772.000000 4629.000000 1729.000000 4678.000000 1682.000000 4704.000000 1617.000000 4759.000000 1579.000000 4759.000000 1531.000000 4737.000000 1511.000000 4709.000000 1512.000000 4707.000000 1518.000000 4701.000000 1522.000000 
		}
	}
	outgoing={
		name="baogzhad"
		path={
			5472 
		}
		control={
			4410.000000 1664.000000 4439.000000 1563.000000 
		}
	}
	members={
		4990 4986 4987 4988 4989 4991 4992 4993 4994 5000 5324 5325 5326 5327 5328 5329 5330 5331 5332 5333 5334 5335 5336 5009 5419 5427 6511 6512 
	}
	ai_will_propagate_through_trade=yes
}
baogzhad={
	location=5372
	color={
		200 0 0 
	}
	inland=yes
	outgoing={
		name="tianlou"
		path={
			4871 
		}
		control={
			4565.000000 1523.000000 4552.000000 1502.000000 4533.000000 1498.000000 4527.000000 1472.000000 4519.000000 1457.000000 4527.000000 1441.000000 4526.000000 1425.000000 4514.000000 1405.000000 4495.000000 1386.000000 4491.000000 1363.000000 4501.000000 1342.000000 4504.000000 1323.000000 4537.000000 1310.000000 
		}
	}
	outgoing={
		name="nuugdanghan"
		path={
			5406 
		}
		control={
			4454.000000 1466.000000 
		}
	}
	outgoing={
		name="odheongu"
		path={
			5356 
		}
		control={
			4592.000000 1535.000000 4633.000000 1508.000000 4667.000000 1498.000000 4691.000000 1497.000000 4690.000000 1515.000000 
		}
	}
	members={
		5372 5369 5368 5401 5370 5400 5371 5404 5402 5403 5374 5373 5339 5341 5340 5343 5342 5337 5375 5338 
	}
	ai_will_propagate_through_trade=yes
}
nuugdanghan={
	location=5406
	color={
		0 0 100 
	}
	inland=yes
	outgoing={
		name="tianlou"
		path={
			4871 
		}
		control={
			4379.000000 1405.000000 4388.000000 1366.000000 4446.000000 1352.000000 4472.000000 1336.000000 4492.000000 1320.000000 4503.000000 1311.000000 4515.000000 1304.000000 4526.000000 1296.000000 4534.000000 1299.000000 
		}
	}
	outgoing={
		name="yanchung"
		path={
			4859 
		}
		control={
			4358.000000 1370.000000 4376.000000 1337.000000 4388.000000 1309.000000 4379.000000 1288.000000 4393.000000 1275.000000 4412.000000 1268.000000 
		}
	}
	outgoing={
		name="bianfang"
		path={
			4952 
		}
		control={
			4322.000000 1384.000000 4337.000000 1328.000000 4327.779785 1291.640015 4327.000000 1280.000000 4332.000000 1267.000000 
		}
	}
	members={
		5410 5413 5414 5416 5417 5415 5412 5407 5408 5423 5377 5411 5376 5406 
	}
	ai_will_propagate_through_trade=yes
}
odheongu={
	location=5356
	color={
		0 200 0 
	}
	outgoing={
		name="tianlou"
		path={
			4871 
		}
		control={
			4697.000000 1503.000000 4699.000000 1485.000000 4697.000000 1459.000000 4658.000000 1439.000000 4632.000000 1414.000000 4593.000000 1379.000000 4590.000000 1335.000000 4575.000000 1314.000000 4560.000000 1300.000000 4553.000000 1301.000000 4545.000000 1300.000000 
		}
	}
	outgoing={
		name="dearktir"
		path={
			1478 
		}
		control={
			4713.000000 1496.000000 4767.000000 1499.000000 4899.000000 1540.000000 5132.000000 1581.000000 5368.000000 1622.000000 5577.000000 1603.000000 5816.040039 1507.520020 5934.930176 1436.239990 418.000000 1362.000000 
		}
	}
	members={
		5367 5363 5365 5364 5366 5351 5352 5353 5354 5356 5357 5358 5359 5349 5348 5350 5345 5346 5344 5361 5360 5362 5355 5347 
	}
	ai_will_propagate_through_trade=yes
}
bianfang={
	location=4952
	color={
		150 100 200 
	}
	inland=yes
	outgoing={
		name="yanchung"
		path={
			4859 
		}
		control={
			4334.000000 1254.000000 4345.000000 1257.000000 4362.000000 1253.000000 4380.000000 1252.000000 4397.000000 1253.000000 4413.000000 1254.000000 4421.000000 1260.000000 
		}
	}
	outgoing={
		name="kharunyana"
		path={
			4500 
		}
		control={
			4312.000000 1245.000000 4298.000000 1241.000000 4279.000000 1245.000000 4268.000000 1256.000000 4247.000000 1251.000000 4236.000000 1239.000000 4241.000000 1229.000000 4239.000000 1221.000000 4238.000000 1216.000000 4221.000000 1211.000000 4210.000000 1216.000000 4202.000000 1216.000000 
		}
	}
	members={
		4952 4973 4834 4969 4832 4831 5430 4830 4970 4829 4971 4812 4972 4828 4902 4815 4813 4814 4816 4818 4817 4901 4827 4819 4826 4825 4898 4899 4824 4900 4981 4985 5426 4951 4984 4982 4840 4833 5409 
	}
	ai_will_propagate_through_trade=yes
}
yanchung={
	location=4859
	color={
		180 255 200 
	}
	inland=yes
	outgoing={
		name="tianlou"
		path={
			4871 
		}
		control={
			4431.000000 1263.000000 4438.000000 1268.000000 4446.000000 1279.000000 4461.000000 1283.000000 4472.000000 1288.000000 4481.000000 1290.000000 4488.000000 1295.000000 4491.000000 1304.000000 4499.000000 1306.000000 4510.000000 1300.000000 4521.000000 1290.000000 4532.000000 1292.000000 4538.000000 1297.000000 
		}
	}
	members={
		4859 4844 4842 4845 4848 4843 4974 4849 4850 4846 4906 4847 4853 4854 4933 4851 4852 4975 4856 4855 4950 4858 4861 4873 4860 4857 4930 4867 4976 4932 4864 4862 
	}
	ai_will_propagate_through_trade=yes
}
tianlou={
	location=4871
	color={
		255 200 0 
	}
	outgoing={
		name="feiten"
		path={
			4871 
		}
		control={
			4547.000000 1301.000000 4553.000000 1301.000000 4554.000000 1291.000000 4554.000000 1270.000000 4529.000000 1240.000000 
		}
	}
	outgoing={
		name="west_haraf"
		path={
			1372 
		}
		control={
			4547.000000 1301.000000 4553.000000 1301.000000 4569.000000 1299.000000 4648.000000 1329.000000 4821.000000 1404.000000 5107.000000 1443.000000 5435.000000 1363.000000 62.000000 1224.000000 143.000000 1076.000000 273.000000 948.000000 508.000000 871.000000 
		}
	}
	members={
		4871 4870 4869 4868 4929 4915 4914 4978 4913 4907 4908 4977 4911 4909 4912 4910 4928 4980 4927 4979 4917 4916 4926 4920 4925 4918 4922 4924 4923 4872 4877 4904 4919 4921 1373 1372 4876 5420 
	}
	ai_will_propagate_through_trade=yes
}
feiten={
	location=1371
	color={
		200 30 160 
	}
	outgoing={
		name="yemakai"
		path={
			1369 
		}
		control={
			4502.000000 1185.000000 4453.000000 1135.000000 4435.000000 1093.000000 4423.200195 1053.699951 4413.450195 1035.089966 
		}
	}
	outgoing={
		name="amadia"
		path={
			1635 1696 
		}
		control={
			4581.000000 1209.000000 4693.000000 1265.000000 4834.000000 1324.000000 4980.000000 1356.000000 5196.000000 1345.000000 5395.000000 1281.000000 5596.000000 1165.000000 6.000000 1020.000000 237.000000 886.000000 492.000000 784.000000 793.000000 618.000000 947.000000 511.000000 1000.000000 541.000000 
		}
	}
	members={
		1371 4837 4836 4835 4838 4839 4884 4885 4888 4893 4889 4887 4886 4883 4881 4882 4949 4879 4878 4880 4905 4896 4931 4874 4875 4895 4894 4890 4892 4891 4841 4983 4903 
	}
	ai_will_propagate_through_trade=yes
}
haiban={
	location=4779
	color={
		230 150 20 
	}
	inland=yes
	outgoing={
		name="gulf_of_rahen"
		path={
			1361 
		}
		control={
			4263.000000 1118.000000 4259.000000 1088.000000 4244.000000 1088.000000 4230.000000 1083.000000 4225.000000 1091.000000 4216.000000 1087.000000 4214.000000 1078.000000 4196.000000 1074.000000 4189.000000 1079.000000 4171.000000 1074.000000 4166.000000 1068.000000 4157.000000 1069.000000 4139.000000 1065.000000 4124.000000 1068.000000 4110.000000 1085.000000 
		}
	}
	outgoing={
		name="kharunyana"
		path={
			4500 
		}
		control={
			4257.000000 1165.000000 4226.000000 1155.000000 4223.000000 1133.000000 4204.000000 1136.000000 4183.000000 1145.000000 4172.000000 1158.000000 4167.000000 1173.000000 4169.000000 1181.000000 4175.000000 1185.000000 4177.000000 1192.000000 4184.000000 1196.000000 4191.000000 1200.000000 4191.000000 1206.000000 4194.000000 1211.000000 
		}
	}
	outgoing={
		name="yemakai"
		path={
			1369 
		}
		control={
			4293.000000 1138.000000 4330.000000 1128.000000 4366.000000 1116.000000 4362.000000 1103.000000 4368.000000 1092.000000 4365.000000 1077.000000 4369.000000 1064.000000 4390.000000 1070.000000 4403.000000 1054.000000 
		}
	}
	outgoing={
		name="cay_cam_sinh"
		path={
			1364 
		}
		control={
			4272.000000 1126.000000 4279.000000 1102.000000 4278.000000 1080.000000 4272.000000 1058.000000 4259.000000 1042.000000 4250.000000 1031.000000 4256.000000 1022.000000 4254.000000 1011.000000 4250.000000 981.000000 
		}
	}
	members={
		4763 4696 4764 4762 4760 4758 5428 4756 4775 5424 4945 4759 4967 5429 4801 4802 4804 4803 4798 4946 4797 4799 4800 4779 4778 4776 4942 4780 4943 4791 4792 4788 4941 4796 4795 4947 4793 4794 4786 4937 4936 4785 4782 4784 4935 4783 4777 4761 4789 4790 5425 4781 4940 4787 4704 
	}
	ai_will_propagate_through_trade=yes
}
yemakai={
	location=1369
	color={
		75 220 155 
	}
	outgoing={
		name="arawkelin"
		path={
			1366 
		}
		control={
			4395.000000 931.000000 4327.000000 903.000000 4311.000000 898.000000 
		}
	}
	outgoing={
		name="kheionai"
		path={
			1419 
		}
		control={
			4515.000000 901.000000 4615.000000 301.000000 5415.000000 201.000000 815.000000 51.000000 
		}
	}
	members={
		1369 1370 4754 4755 4750 4944 4749 4966 4751 4968 4753 4752 4745 4748 4747 4746 4955 4744 4823 4743 4742 4736 4731 4729 4730 4956 4965 4740 4739 4757 
	}
	ai_will_propagate_through_trade=yes
}
arawkelin={
	location=1366
	color={
		70 20 20 
	}
	outgoing={
		name="cay_cam_sinh"
		path={
			1364 
		}
		control={
			4244.000000 861.000000 4224.000000 901.000000 4235.000000 941.000000 
		}
	}
	outgoing={
		name="south_sarhal"
		path={
			1645 
		}
		control={
			4285.000000 823.000000 4236.000000 705.000000 4309.000000 616.000000 4319.000000 512.000000 4319.000000 320.000000 4302.000000 173.000000 4170.000000 149.000000 4019.000000 157.000000 3957.000000 220.000000 3835.000000 288.000000 3598.000000 394.000000 3365.000000 403.000000 3248.000000 485.000000 
		}
	}
	members={
		1366 1644 1642 1622 1624 1367 1646 4772 4732 4957 4964 4735 4733 4728 4774 4727 4723 4726 4722 4963 4720 4725 4721 4718 4717 4719 4773 6141 6153 6140 6151 6139 6137 6136 6138 6144 6147 6152 6142 6145 6146 6148 6149 4741 4959 4953 4766 4724 4714 4715 4716 
	}
	ai_will_propagate_through_trade=yes
}
south_sarhal={
	location=2138
	color={
		239 52 52 
	}
	inland=yes
	outgoing={
		name="akan"
		path={
			1629 
		}
		control={
			3172.000000 614.000000 3070.000000 668.000000 3069.000000 759.000000 3012.000000 770.000000 2962.000000 733.000000 2839.000000 735.000000 2783.000000 826.000000 2794.000000 870.000000 2753.000000 909.000000 2726.000000 956.000000 2784.000000 1062.000000 2778.000000 1140.000000 2733.000000 1198.000000 2737.000000 1249.000000 2718.000000 1303.000000 2701.000000 1334.000000 2711.000000 1352.000000 2735.000000 1350.000000 2752.000000 1337.000000 2766.000000 1330.000000 2786.000000 1339.000000 
		}
	}
	outgoing={
		name="east_effelai"
		path={
			1627 
		}
		control={
			2867.000000 465.000000 2492.000000 375.000000 2292.000000 427.000000 2155.000000 510.000000 
		}
	}
	outgoing={
		name="golkora"
		path={
			1464 
		}
		control={
			3193.080078 618.679993 3095.000000 680.000000 3120.000000 755.000000 3159.000000 829.000000 3160.000000 866.000000 3152.000000 896.000000 3172.000000 908.000000 3184.000000 933.000000 3212.000000 943.000000 3215.000000 964.000000 
		}
	}
	members={
		5438 5439 5442 5443 5444 5449 5450 5451 5452 5453 5454 5455 5456 5457 
		5458 5459 5460 5493 5494 5495 5801 5802 5803 5800 5814 5817 5815 5813 
		5816 5811 5804 5798 5799 5795 5796 5797 5786 5794 5793 5787 5785 5788 
		5789 5742 5736 5737 5735 5734 5732 5733 5731 5719 5718 5675 5681 5674 
		5691 5682 5917 6015 5526 2138 5481 5482 5483 5484 5485 5486 5487 5488 
		5489 5692 5693 5666 6027 6028 6029 6125 6022 6024 6025 5923 5916 5915 
		5911 5867 5870 5869 5865 5868 5863 5857 5864 5856 5860 5854 5853 5859 
		5858 5891 5892 5851 5852 5849 5847 5861 5862 5885 5886 5887 5888 5889 
		5890 5845 5844 6126 5873 5843 5872 5875 5846 5871 5874 5876 5877 5879 
		5878 5883 5882 5881 5880 5841 5840 5842 5715 5839 5835 5837 5838 5836 
		5703 5702 5773 5698 5697 5696 5695 5678 5677 5679 5700 5694 5699 5774 
		5705 5704 5680 5683 5706 5707 5709 5708 5684 5685 5711 5712 5710 5713 
		5805 5716 5763 5766 5722 5723 5721 5720 5729 5730 5728 5726 5727 5725 
		5724 5765 5764 5762 5761 5760 5753 5754 5752 5748 5747 5746 5745 5744 
		5749 5751 5750 5755 5759 5758 5757 5756 5743 5769 5770 5768 5767 5771 
		5740 5739 5738 5741 5780 5772 5779 5781 5782 5808 5783 5784 5810 5812 
		5809 5807 5806 5776 5777 5775 6129 6130 6131 6135 6134 6132 6133 5714
		5818 5819 5821 5820 5822 5823 5826 5824 5825 5827 5828 5829 5830 5831 
		5832 5833 5834 6030 6031 6032 6033 5445 5446 5447 5448 5496 5497 5498 
		5499 5500 5501 5502 5503 5504 5505 5506 5507 5508 5509 5510 5690 5688 
		5689 5686 5615 5599 5596 5598 5595 5594 5593 5592 5687 5516 5515 5517 
		5514 5513 5512 5511 5523 5672 5524 5525 5535 5519 5520 5527 5528 5522 
		5521 5530 5529 5536 5540 5541 5542 5543 5544 5552 5556 5553 5551 5538 
		5531 6118 5554 5555 5588 5589 5590 5591 5597 5601 5603 5604 5616 5617 
		5614 5613 5600 5607 5606 5621 5608 5602 5587 5569 5568 5567 5547 5546 
		5545 5550 5549 5548 5671 5560 5558 5557 5564 5566 5565 5562 5563 5571 
		5572 5570 5578 5574 5573 5576 5575 5577 5579 5580 5582 5583 5584 5585 
		5586 5622 5624 5625 5623 5605 5611 5609 5612 5581 5893 5895 5896 5898 
		5899 5897 5894 5926 5901 5900 5903 5914 5905 5919 5902 5906 5907 5908 
		5904 5912 5913 5909 5918 5927 5920 5924 6023 5925 5922 5921 5966 5968 
		5967 6062 5965 5964 5932 5933 5931 5928 5910 5929 5930 5934 5935 5936 
		5937 5938 5939 5940 5944 5942 5941 5943 5946 5948 5950 5949 5951 5953 
		5952 5947 5945 5954 5955 5958 5957 5959 5960 5961 5962 5963 5976 5969 
		5977 5981 5975 5970 5971 5972 5995 5994 5649 5657 5992 6003 5996 6005 
		6006 6004 6007 6008 5651 5648 5650 5652 5654 6013 6012 6011 6010 6009 
		6060 5855 6034 6035 6036 6037 6038 6039 6041 6042 6043 6000 6044 6045 
		6046 6047 6048 6049 6050 6051 6053 6054 6055 6057 6058 6059 6127 6056 
		6021 6020 6019 6018 6017 6016 5653 6014 5635 5634 5631 5633 5636 5639 
		5637 5632 5630 5629 5638 5640 5645 5642 5643 5628 5627 5641 5644 5647 
		5646 5658 5659 5663 5660 5661 5662 5620 5619 5618 5670 5626 5848 6063
		6064 6065 6066 6067 6069 6070 6071 6085 6072 6084 6073 6083 6074 6075 
		6082 6076 6077 6081 6078 6079 6080 6052 6086 6087 6068 6061 6040 5539 
		6566 6567 6568 6569 6570 6571 6572 6573 6574 6575 6576 6577 6578 6579 
		6580 6581 6582 6583 6584 6585 6586 6592 6593 6594 6595 6597 6598 6599 
		6600 6601 6602 6603 6604 6606 6607 6608 6610 6611 6612 6613 6614 6615 
		6616 6617 6618 6619 6620 6621 6622 6623 6624 6625 6626 6627 6628 6629 
		6630 6631 6632 6633 6634 6636 6637 6638 6639 6640 6641 6642 6643 6644 
		6645 6646 6647 6648 6649 6650 6651 6652 6653 6654 6655 6656 6657 6658 
		6659 6660 6661 6662 6665 6666 6667 6669 6670 6671 6673 6674 6675 6676 
		6677 6678 6679 6680 6681 6682 6683 6684 6685 6686 6687 6688 6690 6691 
		6692 6693 6694 6695 6696 6697 6698 6699 6700 6701 6702 6703 6704 6705 
		6706 6707 6708 6709 6710 6711 6712 6713 6714 6716 6717 6718 6719 6720 
		6721 6722 6723 6724 6725 6726 6727 6729 6730 6731 6732 6733 6734 6735 
		6736 6737 6738 6739 6740 6741 6742 6743 6744 6745 6668 1649 1461 1464
		1463 1462 1460 1602 1459 1458 1625 2068 1457 1456 1466 1467 
	}
	ai_will_propagate_through_trade=yes
}
cay_cam_sinh={
	location=1364
	color={
		40 40 100 
	}
	outgoing={
		name="gulf_of_rahen"
		path={
			1361 
		}
		control={
			4215.000000 992.000000 4210.000000 1034.000000 4155.660156 1019.070007 4126.259766 1038.369995 4090.000000 1070.000000 
		}
	}
	members={
		1364 1362 1365 4712 4962 4711 4713 4767 4734 4765 4737 4710 4709 4768 4700 4701 4699 4961 4770 4706 4707 4960 4738 4954 4705 4703 4702 4958 4697 4771 4698 4769 4708 4805 4694 4695 4807 
	}
	ai_will_propagate_through_trade=yes
}
nadimraj={
	location=4460
	color={
		170 0 15 
	}
	inland=yes
	outgoing={
		name="middle_rahen"
		path={
			4485 
		}
		control={
			4092.000000 1272.000000 4109.000000 1273.000000 4116.000000 1263.000000 4117.000000 1256.000000 4122.000000 1235.000000 
		}
	}
	outgoing={
		name="kharunyana"
		path={
			4500 
		}
		control={
			4092.000000 1272.000000 4109.000000 1273.000000 4116.000000 1263.000000 4120.000000 1256.000000 4136.000000 1257.000000 4151.000000 1254.000000 4161.000000 1246.000000 4171.000000 1245.000000 4184.000000 1243.000000 4189.000000 1229.000000 
		}
	}
	members={
		4510 4509 4478 4464 4468 4514 4474 4467 4515 4475 4460 4462 4463 4520 4466 4457 4455 4459 4550 4397 4458 4456 4454 4453 4452 4451 4450 
	}
	ai_will_propagate_through_trade=yes
}
rakhadesh={
	location=4435
	color={
		45 45 150 
	}
	inland=yes
	outgoing={
		name="gulf_of_rahen"
		path={
			1361 
		}
		control={
			3954.000000 1177.000000 3960.000000 1177.000000 3963.000000 1180.000000 3969.000000 1179.000000 3971.000000 1172.000000 3985.000000 1168.000000 3987.000000 1163.000000 4006.000000 1159.000000 4016.000000 1159.000000 4020.000000 1161.000000 4029.000000 1160.000000 4031.000000 1154.000000 4036.000000 1153.000000 4038.000000 1146.000000 4042.000000 1145.000000 4044.000000 1140.000000 4050.000000 1141.000000 4054.000000 1139.000000 4062.000000 1139.000000 4066.000000 1136.000000 4072.000000 1135.000000 4074.000000 1133.000000 4082.000000 1131.000000 4083.000000 1137.000000 4093.000000 1138.000000 4099.000000 1142.000000 4101.000000 1133.000000 4101.000000 1128.000000 4100.000000 1123.000000 4095.000000 1119.000000 4093.000000 1115.000000 4089.000000 1111.000000 4089.000000 1102.000000 
		}
	}
	outgoing={
		name="west_rahen_gulf"
		path={
			1350 
		}
		control={
			3947.000000 1173.000000 3930.000000 1174.000000 3927.000000 1166.000000 3929.000000 1157.000000 3933.000000 1151.000000 3936.000000 1145.000000 3944.000000 1137.000000 3952.000000 1131.000000 3962.000000 1121.000000 
		}
	}
	members={
		4446 4447 4548 4443 4444 4442 4441 4440 4439 4438 4437 4436 4435 4434 4433 4432 4431 4430 4429 4428 4427 4426 4416 4415 4414 4413 4412 4411 4410 4405 4379 4385 4368 4373 4401 4381 4448 4445 4449 4378 4365 4404 4394 4393 
	}
	ai_will_propagate_through_trade=yes
}
kharunyana={
	location=4500
	color={
		48 120 100 
	}
	inland=yes
	outgoing={
		name="gulf_of_rahen"
		path={
			1361 
		}
		control={
			4190.000000 1211.000000 4187.000000 1202.000000 4181.000000 1201.000000 4178.000000 1196.000000 4174.000000 1194.000000 4171.000000 1187.000000 4168.000000 1190.000000 4162.000000 1189.000000 4162.000000 1183.000000 4164.000000 1181.000000 4161.000000 1172.000000 4144.000000 1173.000000 4139.000000 1172.000000 4129.000000 1166.000000 4116.000000 1158.000000 4107.000000 1156.000000 4103.000000 1150.000000 4106.000000 1140.000000 4107.000000 1130.000000 4106.000000 1123.000000 4107.000000 1116.000000 4105.000000 1108.000000 4100.000000 1105.000000 4099.000000 1099.000000 
		}
	}
	members={
		4939 4948 4938 4409 4492 4493 4494 4496 4497 4498 4499 4500 4501 4502 4503 4470 4489 4504 4527 4511 4512 4622 4623 4641 4364 4620 4616 4618 4619 4611 4613 4617 4559 4621 4615 4609 4612 4614 4608 4610 4601 4606 4607 4600 4599 4602 4604 4605 4595 4594 4603 4598 4593 4596 4396 4597 4810 4820 4811 4822 4808 4934 4806 4809 4821 4506 4505 4625 4626 
	}
	ai_will_propagate_through_trade=yes
}
middle_rahen={
	location=4485
	color={
		190 180 20 
	}
	inland=yes
	outgoing={
		name="gulf_of_rahen"
		path={
			1361 
		}
		control={
			4115.000000 1205.000000 4116.000000 1199.000000 4118.000000 1194.000000 4115.000000 1184.000000 4108.000000 1180.000000 4111.000000 1169.000000 4116.000000 1167.000000 4115.000000 1163.000000 4111.000000 1162.000000 4105.000000 1160.000000 4100.000000 1156.000000 4100.000000 1145.000000 4102.000000 1143.000000 4104.000000 1138.000000 4103.000000 1129.000000 4100.000000 1121.000000 4099.000000 1113.000000 4095.000000 1104.000000 
		}
	}
	members={
		4461 4469 4479 4508 4472 4471 4477 4473 4480 4487 4495 4486 4485 4484 4483 4481 4482 4488 4491 4408 4490 4407 4419 4421 4422 4423 4424 4425 4392 4417 4391 4418 
	}
	ai_will_propagate_through_trade=yes
}
gulf_of_rahen={
	location=1361
	color={
		48 70 20 
	}
	outgoing={
		name="west_rahen_gulf"
		path={
			1350 
		}
		control={
			4067.000000 1098.000000 4046.000000 1094.000000 4044.000000 1084.000000 4057.000000 1067.000000 4054.000000 1056.000000 4036.000000 1052.000000 4014.000000 1061.000000 3992.000000 1085.000000 3972.000000 1088.000000 
		}
	}
	members={
		4547 4380 4382 4383 4384 4377 4388 4387 4389 4395 4390 4398 4551 4420 4406 4399 4386 4554 4555 4556 4558 4557 4560 4562 4563 4564 4565 4566 4567 4568 4569 4570 4571 4572 4573 4574 4575 4576 4578 4579 4577 4580 4581 4582 4584 4585 4586 4587 4588 4589 4590 4591 4592 1346 1360 1361 4374 4375 4369 4372 4583 4561 
	}
	ai_will_propagate_through_trade=yes
}
west_rahen_gulf={
	location=1350
	color={
		113 176 50 
	}
	outgoing={
		name="golden_highway"
		path={
			2901 
		}
		control={
			3912.000000 1121.000000 3872.000000 1130.000000 3858.000000 1173.000000 3842.000000 1187.000000 3840.000000 1226.000000 3811.000000 1254.000000 3776.000000 1266.000000 
		}
	}
	outgoing={
		name="golkora"
		path={
			2901 
		}
		control={
			3931.000000 1034.000000 3842.000000 986.000000 3836.000000 969.000000 3903.000000 934.000000 3885.000000 871.000000 3825.000000 875.000000 3844.000000 905.000000 3812.000000 912.000000 3781.000000 883.000000 3759.000000 888.000000 3718.000000 868.000000 3706.000000 909.000000 3692.969971 932.179993 3658.000000 917.000000 3632.000000 938.000000 3618.679932 923.359985 3597.000000 956.000000 3577.000000 939.000000 3515.000000 972.000000 3481.000000 945.000000 3435.000000 916.000000 3390.000000 898.000000 3363.000000 891.000000 3364.000000 919.000000 3356.000000 928.000000 3355.000000 945.000000 3346.000000 952.000000 3336.000000 949.000000 3307.000000 962.000000 3283.000000 969.000000 3255.000000 976.000000 3224.000000 976.000000 
		}
	}
	members={
		2923 2911 2912 2913 4361 4362 4363 4366 4367 4370 4371 1345 1347 1348 1349 1350 1351 2924 2925 566 3072 3073 4400 5431 5432 5433 5434 5435 5461 5667 5668 5437 5436 5464 5462 5463 583 6103 571 2910 5441 5440 2505 2551 2498 2496 2499 
	}
	ai_will_propagate_through_trade=yes
}
golden_highway={
	location=2901
	color={
		255 138 12 
	}
	inland=yes
	outgoing={
		name="sareyand"
		path={
			638 
		}
		control={
			3743.000000 1280.000000 3723.000000 1287.000000 3699.000000 1280.000000 3687.000000 1289.000000 3672.000000 1288.000000 3662.000000 1272.000000 3637.000000 1270.000000 3623.000000 1268.000000 3608.000000 1263.000000 3601.000000 1272.000000 3587.000000 1261.000000 3570.000000 1254.000000 3557.000000 1241.000000 3541.000000 1233.000000 3522.000000 1236.000000 
		}
	}
	outgoing={
		name="seghdihr"
		path={
			4124 
		}
		control={
			3777.000000 1295.000000 3762.000000 1319.000000 3738.000000 1338.000000 3714.000000 1339.000000 3683.000000 1337.000000 3662.000000 1327.000000 3650.000000 1321.000000 3630.000000 1321.000000 3615.000000 1320.000000 3615.000000 1302.000000 
		}
	}
	members={
		2900 2901 2902 2903 2904 2905 2906 2907 2908 2909 2915 2916 2917 2918 2919 2920 2921 2922 2928 2929 2930 4376 2926 2927 
	}
	ai_will_propagate_through_trade=yes
}
seghdihr={
	location=4124
	color={
		130 150 200 
	}
	inland=yes
	outgoing={
		name="sareyand"
		path={
			638 
		}
		control={
			3608.000000 1283.000000 3599.000000 1276.000000 3580.000000 1266.000000 3559.000000 1256.000000 3547.000000 1247.000000 3532.000000 1244.000000 
		}
	}
	outgoing={
		name="ernatvir"
		path={
			4027 2889 2886 2883 2881 2879 2878 2932 2876 
		}
		control={
			3611.000000 1306.000000 3611.000000 1320.000000 3597.000000 1321.000000 3575.000000 1321.000000 3537.000000 1323.000000 3512.000000 1334.000000 3487.000000 1347.000000 3468.000000 1356.000000 3455.000000 1370.000000 3450.000000 1384.000000 3444.000000 1390.000000 3433.000000 1402.000000 3424.000000 1419.000000 3406.000000 1437.000000 3396.000000 1463.000000 3386.000000 1484.000000 3376.000000 1491.000000 3361.000000 1491.000000 3347.000000 1494.000000 3346.000000 1513.000000 3343.000000 1527.000000 3324.000000 1554.000000 3312.000000 1575.000000 3319.000000 1583.000000 3324.000000 1590.000000 3322.000000 1599.000000 
		}
	}
	outgoing={
		name="serpent_gift"
		path={
			4078 
		}
		control={
			3613.000000 1312.000000 3612.000000 1323.000000 3594.000000 1325.000000 3580.000000 1325.000000 3570.000000 1327.000000 3569.000000 1346.000000 3530.000000 1346.000000 3511.000000 1358.000000 
		}
	}
	members={
		2914 4218 4090 4114 4113 4223 4219 4220 4112 4111 4222 4091 4221 4231 2895 2894 4094 4092 4095 4106 4089 4087 4086 4107 4108 4109 2893 2892 4027 4110 4088 4230 4082 4216 4124 4085 4083 4081 2891 2890 2889 4079 4084 4080 4239 4078 4214 4215 4229 4228 4227 2888 2887 2886 4028 2885 4217 
	}
	ai_will_propagate_through_trade=yes
}
serpent_gift={
	location=5102
	color={
		225 211 175 
	}
	inland=yes
	outgoing={
		name="harpylen"
		path={
			1139 
		}
		control={
			3493.000000 1381.000000 3474.000000 1398.000000 3453.000000 1405.000000 3434.000000 1396.000000 3420.000000 1380.000000 3400.000000 1375.000000 3380.000000 1368.000000 
		}
	}
	members={
		5072 5073 5074 5092 5093 5094 5095 5096 5097 5098 5099 5100 5101 5102 5103 5104 5105 5052 5053 5054 5055 
	}
	ai_will_propagate_through_trade=yes
}
upper_ynn={
	location=1165
	color={
		38 78 128 
	}
	inland=yes
	outgoing={
		name="lower_ynn"
		path={
			1139 
		}
		control={
			1167.000000 1584.000000 1166.000000 1581.000000 1178.000000 1576.000000 1186.000000 1568.000000 1186.000000 1558.000000 1174.000000 1553.000000 1153.000000 1553.000000 1160.000000 1542.000000 1160.000000 1527.000000 1157.000000 1521.000000 1168.000000 1514.000000 
		}
	}
	outgoing={
		name="broken_sea"
		path={
			1492 
		}
		control={
			1172.000000 1594.000000 1171.000000 1608.000000 1170.000000 1626.000000 1177.000000 1638.000000 1184.000000 1646.000000 1186.000000 1660.000000 1177.000000 1684.000000 1185.000000 1696.000000 1187.000000 1716.000000 1190.000000 1739.000000 1192.000000 1754.000000 1182.000000 1762.000000 1178.000000 1769.000000 1182.000000 1779.000000 1169.000000 1798.000000 1170.000000 1829.000000 1176.000000 1854.000000 1157.000000 1875.000000 1157.000000 1896.000000 
		}
	}
	members={
		1837 1742 2662 2838 2488 2840 2742 2807 2781 2811 2837 2839 2862 2814 
		1820 2813 2812 2808 2809 1819 1160 1163 1164 1165 1166 1167 1168 1169 
		1170 1171 1172 1180 1181 1182 1183 1186 1187 1188 1189 1190 1191 1192 
		1745 1747 1748 1750 1755 1756 1757 1759 1760 1765 1773 1193 1792 2843 
		1815 1816 1817 1818 1824 2842 1838 1839 1843 
	}
	ai_will_propagate_through_trade=yes
}
lower_ynn={
	location=1139
	color={
		22 140 105 
	}
	inland=yes
	outgoing={
		name="trollsbay"
		path={
			1519 
		}
		control={
			1153.000000 1518.000000 1145.000000 1510.000000 1123.000000 1504.000000 1119.000000 1494.000000 1134.000000 1484.000000 1144.000000 1472.000000 1147.439941 1460.810059 1136.000000 1456.000000 1128.000000 1452.000000 1128.000000 1442.000000 1126.000000 1434.000000 1135.000000 1433.000000 1144.000000 1435.000000 1153.000000 1434.000000 1160.000000 1428.000000 1169.000000 1423.000000 1181.000000 1423.000000 1202.000000 1415.000000 1213.000000 1415.000000 1220.000000 1411.000000 1229.000000 1404.000000 1238.000000 1399.000000 1232.000000 1393.000000 1235.000000 1385.000000 1236.000000 1375.000000 1232.000000 1351.000000 1257.000000 1304.000000 
		}
	}
	members={
		2815 2857 1828 1829 1830 1831 1832 1833 1834 1835 2783 2858 2757 2860 1877 1874 2861 2859 2810 2816 2841 1133 1134 1135 1136 1137 1138 1139 1140 1141 1142 1143 1144 1145 1146 1147 1148 1155 1158 1821 1878 1822 1825 1826 1827 1836 1842 1882 1840 1841 
	}
	ai_will_propagate_through_trade=yes
}
broken_sea={
	location=1492
	color={
		203 254 254 
	}
	outgoing={
		name="eigras"
		path={
			1693 
		}
		control={
			1096.000000 1915.000000 979.000000 1900.000000 897.000000 1860.000000 836.039978 1796.469971 779.000000 1763.000000 754.000000 1767.000000 
		}
	}
	outgoing={
		name="dalaire"
		path={
			1576 
		}
		control={
			1209.000000 1915.000000 1234.000000 1933.000000 1273.000000 1938.000000 1298.000000 1949.000000 1348.000000 1938.000000 1376.000000 1959.000000 1419.000000 1992.000000 1627.000000 1994.000000 1619.000000 1870.000000 1679.959961 1829.489990 1738.180054 1780.910034 
		}
	}
	outgoing={
		name="serpentshead"
		path={
			1249 1245 1244 1240 1238 1224 1218 6502 1204 1575 1774 1673 1454 1497 1599 1596 1600 1570 1288 1324 1322 
		}
		control={
			1143.000000 1926.000000 1166.000000 1950.000000 1223.000000 1948.000000 1254.000000 1964.000000 1286.000000 1981.000000 1352.000000 1972.000000 1395.000000 2011.000000 1523.000000 2026.000000 1637.000000 2021.000000 1787.000000 1984.000000 1970.000000 1957.000000 2154.000000 1958.000000 2309.000000 1974.000000 2477.000000 1976.000000 2624.000000 1945.000000 2727.000000 1909.000000 2755.000000 1890.000000 2777.000000 1870.000000 
		}
	}
	members={
		1772 1989 1769 1753 1770 2799 1768 1752 1751 1761 1746 1749 1247 2482 1249 1248 2801 2802 1245 1246 1230 1244 1235 1492 
	}
	ai_will_propagate_through_trade=yes
}
eigras={
	location=1693
	color={
		166 209 123 
	}
	outgoing={
		name="eordand"
		path={
			1690 
		}
		control={
			695.000000 1763.000000 603.000000 1814.000000 515.000000 1816.000000 503.000000 1760.000000 462.000000 1710.000000 
		}
	}
	outgoing={
		name="domandrod"
		path={
			1968 1966 1971 1805 6241 
		}
		control={
			719.000000 1702.000000 659.000000 1667.000000 620.000000 1598.000000 640.000000 1553.000000 
		}
	}
	members={
		2797 1984 1982 2047 1967 1776 1777 1778 1963 1813 1809 1962 1780 1964 1965 1971 1981 1983 1966 1968 1970 1775 1979 1972 1973 1987 1693 2046 
	}
	ai_will_propagate_through_trade=yes
}
eordand={
	location=1690
	color={
		252 99 79 
	}
	outgoing={
		name="dearktir"
		path={
			1683 
		}
		control={
			439.000000 1646.000000 438.000000 1564.000000 444.000000 1483.000000 444.000000 1427.000000 431.000000 1385.000000 518.000000 1369.000000 
		}
	}
	outgoing={
		name="domandrod"
		path={
			1771 1805 6241 
		}
		control={
			506.000000 1657.000000 566.000000 1625.000000 565.000000 1536.000000 
		}
	}
	members={
		1118 1997 2027 2036 2025 2003 2004 2005 2007 2013 2024 2016 2017 2050 2015 1125 1993 1875 2011 2014 2012 1990 1771 2503 1988 2002 1969 1986 1985 1122 1978 1974 2006 1994 1109 1112 1690 2008 2026 2009 2159 
	}
	ai_will_propagate_through_trade=yes
}
dearktir={
	location=1683
	color={
		240 200 70 
	}
	outgoing={
		name="west_haraf"
		path={
			1720 
		}
		control={
			400.000000 1252.000000 500.000000 1215.000000 603.000000 1159.000000 469.000000 1040.000000 516.000000 949.000000 
		}
	}
	outgoing={
		name="domandrod"
		path={
			2023 2028 2030 2042 1805 6241 
		}
		control={
			662.000000 1420.000000 660.000000 1450.000000 695.000000 1484.000000 
		}
	}
	members={
		2063 2062 2061 2825 2051 2052 2053 2054 2055 2056 2057 2058 2059 2060 2010 2018 2019 2020 2021 2022 2023 2028 2029 2030 2031 2032 2033 2034 2035 2037 2038 2039 2040 2041 2042 2043 2044 2045 2048 2049 2046 1683 
	}
	ai_will_propagate_through_trade=yes
}
domandrod={
	location=6241
	color={
		60 100 80 
	}
	outgoing={
		name="deepwoods"
		path={
			6241 
		}
	}
	members={
		6241 6242 6243 6244 6245 6246 6247 6248 6251 6252 6253 6255 6256 6257 6249 6250 6254 6555 6554 6556 6557 
	}
	ai_will_propagate_through_trade=yes
}
central_haraf={
	location=2822
	color={
		180 150 126 
	}
	inland=yes
	outgoing={
		name="west_haraf"
		path={
			1720 
		}
		control={
			803.000000 1107.000000 736.000000 1040.000000 616.000000 973.000000 
		}
	}
	members={
		2095 2097 2099 2101 2105 2107 2109 2115 2822 2826 2094 1950 
	}
	ai_will_propagate_through_trade=yes
}
west_haraf={
	location=1720
	color={
		203 168 188 
	}
	outgoing={
		name="tor_nayyi"
		path={
			1684 
		}
		control={
			647.000000 866.000000 745.000000 892.000000 843.000000 919.000000 880.000000 959.000000 935.000000 940.000000 993.000000 926.000000 
		}
	}
	members={
		1720 2092 2133 2140 2090 2088 2084 2149 2150 2130 2132 2145 2122 2083 2080
		2120 2078 2077 2118 2127 1561 1445
	}
	ai_will_propagate_through_trade=yes
}
kheionai={
	location=1741
	color={
		60 120 180 
	}
	outgoing={
		name="amadia"
		path={
			1555 1554 
		}
		control={
			1064.000000 210.000000 1086.000000 303.000000 1212.000000 348.000000 1163.000000 399.000000 1163.000000 455.000000 1067.000000 505.000000 1030.000000 528.000000 
		}
	}
	outgoing={
		name="taychend"
		path={
			1712 2668 2938 2590 2589 2588 2567 2525 2523 2327 2536 1544 
		}
		control={
			1059.000000 95.000000 1103.000000 37.000000 1170.000000 10.000000 1275.000000 7.000000 1370.000000 40.000000 1426.000000 120.000000 1491.000000 193.000000 1558.000000 200.000000 1649.000000 150.000000 1697.000000 136.000000 1720.000000 187.000000 1726.000000 234.000000 
		}
	}
	members={
		2772 2738 2774 2733 2732 2766 2763 2731 2761 2730 2728 2734 2735 2725 2724 2695 2677 2706 2719 2600 2596 2597 2670 2668 2671 2673 2699 2675 2674 2708 2713 2623 2611 2717 2716 2682 2687 2688 2689 2635 2625 2619 2618 2617 2616 2630 2585 2590 2589 2643 2624 2645 2693 2587 2633 2593 2612 2586 1741 
	}
	ai_will_propagate_through_trade=yes
}
taychend={
	location=1544
	color={
		20 200 190 
	}
	outgoing={
		name="dry_coast"
		path={
			1546 
		}
		control={
			1829.000000 347.000000 1903.000000 345.000000 1981.000000 296.000000 
		}
	}
	outgoing={
		name="amadia"
		path={
			2536 2541 2547 2556 1785 2573 2586 2633 2587 1779 1552 1553 
		}
		control={
			1745.000000 277.000000 1716.000000 282.000000 1706.000000 289.000000 1694.000000 294.000000 1682.000000 304.000000 1668.000000 308.000000 1663.000000 316.000000 1651.000000 320.000000 1649.000000 334.000000 1640.000000 342.000000 1635.000000 358.000000 1628.000000 369.000000 1606.000000 376.000000 1596.000000 373.000000 1586.000000 362.000000 1571.000000 355.000000 1563.000000 346.000000 1548.000000 345.000000 1528.000000 339.000000 1514.000000 341.000000 1500.000000 335.000000 1482.000000 332.000000 1459.000000 332.000000 1440.000000 340.000000 1399.000000 345.000000 1410.000000 364.000000 1413.000000 384.000000 1385.000000 411.000000 1364.000000 436.000000 1347.000000 453.000000 1312.000000 466.000000 1292.000000 467.000000 1270.000000 467.000000 1255.000000 472.000000 1256.000000 487.000000 1250.000000 500.000000 1233.000000 507.000000 1217.000000 503.000000 1190.000000 493.000000 1172.000000 500.000000 1138.000000 497.000000 1066.000000 524.000000 
		}
	}
	members={
		2523 2534 2536 2520 2541 2544 2501 2511 2510 2500 2547 2564 2330 2327 2483 2490 2556 2493 2497 2550 2558 2549 2604 2573 2465 2582 2601 1662 2588 2575 2570 2567 2525 2542 1546 1544 
	}
	ai_will_propagate_through_trade=yes
}
dry_coast={
	location=1607
	color={
		220 198 36 
	}
	outgoing={
		name="east_effelai"
		path={
			1539 
		}
		control={
			2104.320068 281.760010 2224.000000 258.000000 2201.000000 356.000000 
		}
	}
	members={
		2512 2336 2345 2335 2333 2332 2346 2331 2347 2308 2337 2307 2309 2338 2306 2305 2301 2302 2300 2303 2294 2298 2295 2296 2297 2311 2315 2313 2312 2314 2316 2317 2318 2319 2320 2321 2322 2323 2324 2325 2326 2328 1607 2310 1178 
	}
	ai_will_propagate_through_trade=yes
}
amadia={
	location=1553
	color={
		199 199 199 
	}
	outgoing={
		name="tor_nayyi"
		path={
			1684 
		}
		control={
			1003.989990 592.020020 973.000000 669.000000 984.000000 754.000000 976.000000 799.000000 
		}
	}
	outgoing={
		name="soruin"
		path={
			2421 2427 2443 2412 2409 2390 2392 2251 4159 6508 2201 2199 1438 
		}
		control={
			1037.000000 575.000000 1017.000000 602.000000 1026.000000 642.000000 1084.000000 657.000000 1129.000000 695.000000 1153.000000 731.000000 1210.000000 790.000000 1263.000000 817.000000 1352.000000 876.000000 1400.000000 862.000000 
		}
	}
	members={
		2171 2173 2398 2396 2391 2392 2393 2390 2389 2388 2386 2405 2406 2412 2411 2409 2408 2418 2420 2414 2415 2431 2443 2427 2421 2422 2429 2430 2439 2432 2441 2447 2440 2435 2438 2442 2448 2451 2453 2454 2416 2385 1195 2455 2382 2456 2387 2383 2361 1554 2174 1553 2524 2561 2445 1175 1174 2401 2402 2403 2379 2460 2462 2355 
	}
	ai_will_propagate_through_trade=yes
}
tor_nayyi={
	location=1681
	color={
		69 100 124 
	}
	outgoing={
		name="cheshoshmar"
		path={
			1528 
		}
		control={
			1037.000000 895.000000 1101.000000 904.000000 1158.000000 919.000000 1166.000000 966.000000 1145.000000 1004.000000 1161.000000 1052.000000 1194.000000 1088.000000 
		}
	}
	outgoing={
		name="soruin"
		path={
			1438 
		}
		control={
			1025.000000 850.000000 1058.000000 867.000000 1156.300049 829.599976 1262.000000 836.000000 1341.000000 890.000000 
		}
	}
	members={
		2151 2152 2153 2154 2155 2156 2157 2158 2161 2162 2163 2164 2165 2166 2167 2168 2160 2172 2064 2067 2069 2072 2074 2076 2077 1680 2169 2170 2399 2404 1681 1682 1687 1688 1556 
	}
	ai_will_propagate_through_trade=yes
}
deepwoods={
	location=3023
	color={
		25 75 0 
	}
	inland=yes
	outgoing={
		name="marches"
		path={
			643 640 
		}
		control={
			3208.000000 1548.000000 3196.000000 1549.000000 3189.000000 1555.000000 3168.000000 1561.000000 3158.000000 1568.000000 3158.000000 1574.000000 3142.000000 1572.000000 3130.000000 1571.000000 
		}
	}
	outgoing={
		name="harpylen"
		path={
			643 640 
		}
		control={
			3233.000000 1527.000000 3253.000000 1531.000000 3268.000000 1527.000000 3269.000000 1518.000000 3276.000000 1510.000000 3292.000000 1499.000000 3300.000000 1495.000000 3299.000000 1487.000000 3334.000000 1474.000000 3348.000000 1468.000000 3363.000000 1458.000000 3380.000000 1438.000000 3401.000000 1423.000000 3407.000000 1405.000000 3397.000000 1388.000000 3377.000000 1381.000000 
		}
	}
	outgoing={
		name="flooded_coast"
		path={
			643 640 
		}
		control={
			3209.000000 1542.000000 3193.000000 1537.000000 3183.000000 1532.000000 3177.000000 1525.000000 3171.000000 1521.000000 3163.000000 1526.000000 3156.000000 1534.000000 3152.000000 1540.000000 3145.000000 1533.000000 3143.000000 1529.000000 3143.000000 1521.000000 3135.000000 1517.000000 3118.000000 1521.000000 3103.000000 1521.000000 3093.000000 1511.000000 3076.000000 1509.000000 3081.000000 1502.000000 3088.000000 1495.000000 3098.000000 1491.000000 3107.000000 1493.000000 3116.000000 1491.000000 3121.000000 1489.000000 3108.000000 1483.000000 3100.000000 1478.000000 3091.000000 1479.000000 3085.000000 1476.000000 3076.000000 1477.000000 3074.000000 1469.000000 3071.000000 1463.000000 3060.000000 1463.000000 3044.000000 1462.000000 
		}
	}
	outgoing={
		name="serpentreach"
		path={
			643 640 
		}
		control={
			3225.000000 1522.000000 3248.000000 1521.000000 3246.000000 1509.000000 3251.000000 1492.000000 3262.000000 1479.000000 3256.000000 1470.000000 3257.000000 1464.000000 
		}
	}
	members={
		3004 3005 3006 3007 3008 3009 3010 3011 3012 3013 3014 3015 3016 3017 3018 3019 3020 3021 3022 3024 3023 3025 3026 3027 3028 3029 3030 3031 3032 3033 3034 3035 3036 3037 3038 3039 3040 3041 3042 3043 3044 3045 3046 3047 3048 3049 3050 3051 3052 3053 3054 3055 3056 3057 3058 3059 3060 3061 3062 3063 3064 3065 3066 3067 3068 3069 3070 3071 6258 
	}
	ai_will_propagate_through_trade=yes
}
upper_alen={
	location=872
	color={
		98 101 167 
	}
	inland=yes
	outgoing={
		name="castonath"
		path={
			858 865 
		}
		control={
			3189.000000 1652.000000 3185.000000 1662.000000 3169.000000 1649.000000 3146.000000 1656.000000 3131.000000 1667.000000 3116.000000 1671.000000 
		}
	}
	members={
		860 861 858 864 869 865 866 874 873 868 870 863 872 878 879 867 871 880 881 882 884 859 862 
	}
	ai_will_propagate_through_trade=yes
}
serpentreach={
	location=4100
	color={
		70 240 160 
	}
	inland=yes
	outgoing={
		name="flooded_coast"
		path={
			4238 
		}
		control={
			3255.000000 1452.000000 3224.000000 1451.000000 3198.000000 1428.000000 3176.000000 1449.000000 3153.000000 1449.000000 3141.000000 1440.000000 3123.000000 1448.000000 3102.000000 1443.000000 3079.000000 1434.000000 3055.000000 1436.000000 3035.000000 1449.000000 
		}
	}
	outgoing={
		name="bahar"
		path={
			1307 1313 
		}
		control={
			3252.000000 1449.000000 3227.000000 1448.000000 3217.000000 1439.000000 3196.879883 1418.959961 3183.000000 1413.000000 3179.000000 1405.000000 3162.000000 1382.000000 
		}
	}
	outgoing={
		name="ernatvir"
		path={
			4240 2981 2878 2932 2876 
		}
		control={
			3261.000000 1449.000000 3300.000000 1450.000000 3325.000000 1449.000000 3339.000000 1449.000000 3346.000000 1446.000000 3345.000000 1485.000000 3344.000000 1504.000000 3344.000000 1521.000000 3330.000000 1542.000000 3310.000000 1574.000000 3317.000000 1583.000000 3323.000000 1589.000000 3319.000000 1599.000000 
		}
	}
	members={
		4039 4038 4040 4042 4041 2949 4037 4036 2951 2952 2985 2984 4035 2980 2981 2978 2982 2979 4099 2975 2970 2983 2977 2974 2973 2968 4098 2976 2969 2971 2972 4126 4240 2967 4100 2962 2966 2965 2964 4127 2961 2959 2958 2960 2947 2948 2950 4093 2946 2945 2944 2943 2942 2955 2954 2956 4032 4031 2957 4034 4033 4030 2987 4238 2941 2939 2940 
	}
	ai_will_propagate_through_trade=yes
}
west_dwarovar={
	location=2868
	color={
		70 70 200 
	}
	inland=yes
	outgoing={
		name="amldihr"
		path={
			2933 4122 
		}
		control={
			3234.000000 1717.000000 3245.000000 1717.000000 3260.000000 1702.000000 3273.000000 1688.000000 3273.000000 1688.000000 3274.000000 1682.000000 3306.000000 1697.000000 3316.000000 1706.000000 
		}
	}
	outgoing={
		name="castonath"
		path={
			2863 847 
		}
		control={
			3232.000000 1714.000000 3219.000000 1715.000000 3208.000000 1725.000000 3186.000000 1725.000000 3165.000000 1725.000000 3135.000000 1717.000000 3124.000000 1685.000000 
		}
	}
	outgoing={
		name="ernatvir"
		path={
			2873 
		}
		control={
			3235.000000 1714.000000 3242.000000 1714.000000 3257.000000 1699.000000 3270.000000 1685.000000 3273.000000 1664.000000 3282.000000 1654.000000 3287.000000 1631.000000 3288.000000 1617.000000 3304.000000 1616.000000 3312.000000 1612.000000 
		}
	}
	members={
		2897 2896 2863 2864 2935 2865 2898 2899 2870 2869 4163 2868 4022 2995 4023 4025 4024 4026 4021 2866 2867 2871 4074 4096 4054 4044 4045 4046 4047 4043 2933 4552 4553 2872 
	}
	ai_will_propagate_through_trade=yes
}
ernatvir={
	location=2931
	color={
		200 200 200 
	}
	inland=yes
	outgoing={
		name="harpylen"
		path={
			2963 
		}
		control={
			3324.000000 1602.000000 3327.000000 1594.000000 3323.000000 1583.000000 3316.000000 1571.000000 3328.000000 1553.000000 3345.000000 1529.000000 3349.000000 1521.000000 3350.000000 1497.000000 3366.000000 1495.000000 3366.000000 1475.000000 3387.000000 1449.469971 3408.000000 1422.000000 3417.000000 1401.000000 3405.000000 1383.000000 
		}
	}
	outgoing={
		name="amldihr"
		path={
			2990 2992 4128 
		}
		control={
			3321.000000 1615.000000 3321.000000 1639.000000 3340.000000 1658.000000 3356.000000 1659.000000 3365.000000 1667.000000 3341.000000 1689.000000 
		}
	}
	outgoing={
		name="marrhold"
		path={
			2990 2992 4128 
		}
		control={
			3310.000000 1605.000000 3303.000000 1614.000000 3278.000000 1614.000000 3255.000000 1616.000000 3233.000000 1607.000000 3205.000000 1607.000000 
		}
	}
	members={
		2874 2934 4065 2986 4052 4053 2931 2988 4150 4062 2989 4213 4212 4165 2876 4104 2932 2875 4067 4066 4061 4060 4059 4058 4057 4076 4075 4077 4105 4056 4237 4068 4069 4070 4071 4072 4073 2877 2937 2878 4101 4102 4103 2879 2880 2963 2881 2882 2883 4029 2884 2990 2991 4051 4141 4144 4064 4063 2873 4236 4050 4055 4049 4048 
	}
	ai_will_propagate_through_trade=yes
}
harpylen={
	location=665
	color={
		221 117 182 
	}
	inland=yes
	outgoing={
		name="bahar"
		path={
			526 
		}
		control={
			3358.000000 1378.000000 3350.000000 1400.000000 3317.000000 1406.000000 3297.000000 1393.000000 3282.000000 1385.000000 3262.000000 1383.000000 3240.000000 1374.000000 3236.000000 1362.000000 3222.000000 1351.020020 3208.000000 1352.000000 3191.000000 1363.000000 3174.000000 1370.000000 
		}
	}
	outgoing={
		name="bulwar"
		path={
			601 
		}
		control={
			3349.000000 1370.000000 3343.000000 1355.000000 3363.000000 1341.000000 3378.000000 1329.000000 3367.000000 1316.000000 3366.050049 1303.069946 
		}
	}
	members={
		653 655 656 660 663 661 664 665 666 667 668 669 671 670 672 673 674 675 676 677 678 654 652 659 662 658 657 4117 650 649 651 619 
	}
	ai_will_propagate_through_trade=yes
}
marrhold={
	location=888
	color={
		167 165 135 
	}
	inland=yes
	outgoing={
		name="marches"
		path={
			811 
		}
		control={
			3168.000000 1590.000000 3136.000000 1590.000000 
		}
	}
	outgoing={
		name="castonath"
		path={
			840 
		}
		control={
			3175.000000 1597.000000 3155.000000 1604.000000 3136.000000 1641.000000 3128.000000 1649.000000 3112.000000 1653.000000 
		}
	}
	members={
		895 896 897 893 894 883 891 888 889 890 892 886 887 885 875 876 877 856 857 4097 827 826 824 
	}
	ai_will_propagate_through_trade=yes
}
marches={
	location=811
	color={
		230 216 166 
	}
	inland=yes
	outgoing={
		name="gablaine"
		path={
			1303 
		}
		control={
			3121.000000 1551.000000 3105.000000 1547.000000 3091.000000 1546.000000 3079.000000 1556.000000 3073.000000 1542.000000 3065.000000 1538.000000 3058.000000 1545.000000 3046.000000 1539.000000 3039.000000 1544.000000 3042.000000 1560.000000 
		}
	}
	outgoing={
		name="silvermere"
		path={
			811 817 
		}
		control={
			3071.000000 1594.000000 
		}
	}
	members={
		802 803 805 807 791 797 798 800 808 806 812 811 815 814 813 810 816 817 818 819 799 801 793 822 809 820 2700 2701 
	}
	ai_will_propagate_through_trade=yes
}
freecestir={
	location=357
	color={
		154 237 233 
	}
	inland=yes
	outgoing={
		name="lower_alen"
		path={
			239 
		}
		control={
			2937.000000 1639.000000 2925.000000 1647.000000 2926.000000 1664.000000 2912.000000 1673.000000 2892.000000 1680.000000 2881.000000 1691.000000 2877.000000 1714.000000 2883.000000 1726.000000 
		}
	}
	outgoing={
		name="esmaraine"
		path={
			266 
		}
		control={
			2947.000000 1605.000000 2946.000000 1589.000000 2930.000000 1583.000000 2919.000000 1575.000000 2909.000000 1571.000000 
		}
	}
	outgoing={
		name="silvermere"
		path={
			775 
		}
		control={
			2967.000000 1634.000000 2988.000000 1651.000000 3008.000000 1641.000000 3015.000000 1629.000000 3028.000000 1628.000000 
		}
	}
	members={
		261 351 352 360 359 353 354 355 356 361 350 252 349 238 244 250 256 258 357 358 257 248 245 246 247 422 775 777 778 779 1860 2560 2531 2329 2654 2529 2655 2479 2485 2472 2484 2469 2471 2522 2665 2545 2571 253 236 2566 249 334 
	}
	ai_will_propagate_through_trade=yes
}
silvermere={
	location=785
	color={
		200 200 255 
	}
	inland=yes
	outgoing={
		name="middle_alen"
		path={
			729 
		}
		control={
			3046.000000 1635.000000 3040.000000 1643.000000 3036.000000 1651.000000 3017.000000 1650.000000 3006.000000 1666.000000 3007.000000 1677.000000 2997.000000 1682.000000 2992.000000 1698.000000 2984.000000 1706.000000 
		}
	}
	outgoing={
		name="castonath"
		path={
			1326 
		}
		control={
			3066.000000 1636.000000 3090.000000 1653.000000 3100.000000 1664.000000 
		}
	}
	members={
		767 756 783 788 790 794 795 796 785 786 787 789 784 764 766 765 792 781 782 772 773 774 768 769 770 771 776 780 757 760 763 
	}
	ai_will_propagate_through_trade=yes
}
castonath={
	location=840
	color={
		222 222 222 
	}
	inland=yes
	outgoing={
		name="middle_alen"
		path={
			831 832 833 754 
		}
		control={
			3091.000000 1672.000000 3084.000000 1676.000000 3077.000000 1680.000000 3076.000000 1687.000000 3063.000000 1692.000000 3051.000000 1695.000000 3041.000000 1705.000000 3038.000000 1717.000000 3038.000000 1729.000000 3021.000000 1728.000000 3003.000000 1725.000000 2995.000000 1716.000000 2986.000000 1715.000000 
		}
	}
	members={
		837 839 754 842 747 848 840 843 845 847 841 853 855 746 743 850 849 846 852 851 844 854 836 828 830 831 832 833 835 834 829 821 825 823 755 2381 
	}
	ai_will_propagate_through_trade=yes
}
middle_alen={
	location=229
	color={
		20 105 123 
	}
	inland=yes
	outgoing={
		name="lower_alen"
		path={
			225 221 
		}
		control={
			2976.000000 1713.000000 2965.000000 1722.000000 2958.000000 1734.000000 2950.000000 1739.000000 2940.000000 1736.000000 2932.000000 1747.000000 2928.000000 1758.000000 2919.000000 1744.000000 2913.000000 1740.000000 2904.000000 1738.000000 2892.000000 1741.000000 2882.000000 1734.000000 2875.000000 1732.000000 
		}
	}
	outgoing={
		name="bay_of_chills"
		path={
			1256 701 
		}
		control={
			2981.000000 1717.000000 2969.000000 1731.000000 2986.000000 1750.000000 
		}
	}
	members={
		229 230 232 231 710 725 726 729 749 730 732 727 750 728 751 753 758 759 761 762 741 745 742 744 748 228 1267 2559 2463 2444 2554 2428 2553 711 
	}
	ai_will_propagate_through_trade=yes
}
amldihr={
	location=4119
	color={
		50 75 100 
	}
	inland=yes
	outgoing={
		name="northern_pass"
		path={
			4194 
		}
		control={
			3326.000000 1715.000000 3335.000000 1721.000000 3352.000000 1724.000000 3344.000000 1747.000000 3327.000000 1758.000000 3303.000000 1760.000000 3274.000000 1757.000000 
		}
	}
	members={
		2992 2993 2996 4147 2997 4148 4130 2998 2999 3000 3001 3002 3003 4020 
		4118 4125 4129 4142 4131 4143 4121 4122 4128 4119 4149 4120 4123 4151 
		4158 4152 4164 4166 4145 2994 1325
	}
	ai_will_propagate_through_trade=yes
}
northern_pass={
	location=4182
	color={
		200 200 100 
	}
	inland=yes
	outgoing={
		name="vrorensbay"
		path={
			991 990 
		}
		control={
			3217.000000 1780.000000 3205.000000 1806.000000 3179.000000 1813.000000 3164.000000 1823.000000 3148.000000 1818.000000 3148.000000 1798.000000 3148.000000 1784.000000 3129.000000 1777.000000 3126.000000 1763.000000 3114.000000 1757.000000 3107.000000 1752.000000 3091.000000 1765.000000 3090.000000 1782.000000 3079.000000 1794.000000 
		}
	}
	members={
		4211 4210 4209 4208 4207 4206 4205 4204 4203 4201 4198 4202 4200 4199 4197 4195 4196 4191 4194 4192 4193 4190 4189 4183 4182 4181 4188 4187 4185 4186 4180 4184 4176 4174 4175 4173 4171 6173 6187 6214 6196 2704 
	}
	ai_will_propagate_through_trade=yes
}
east_effelai={
	location=1539
	color={
		49 89 226 
	}
	outgoing={
		name="leechden"
		path={
			1301 1300 
		}
		control={
			2077.000000 576.000000 2035.000000 608.000000 1924.000000 600.000000 1832.000000 648.000000 
		}
	}
	outgoing={
		name="sorncost"
		path={
			939 934 
		}
		control={
			2154.000000 626.000000 2261.000000 714.000000 2338.000000 792.000000 2443.000000 952.000000 2480.860107 1096.930054 2500.000000 1240.000000 2547.000000 1353.000000 
		}
	}
	outgoing={
		name="akan"
		path={
			1590 
		}
		control={
			2306.000000 670.000000 2487.000000 926.000000 2586.000000 1139.000000 2630.000000 1242.000000 2659.000000 1318.000000 2684.000000 1349.000000 2723.000000 1363.000000 2756.000000 1344.000000 2777.000000 1350.000000 
		}
	}
	members={
		1539 2273 2246 2805 2245 2242 2243 2239 2278 2287 2237 2285 2236 2270 2247 2268 2248 2249 2250 2253 2254 2255 2256 2260 2257 2262 2261 2258 2263 2259 
	}
	ai_will_propagate_through_trade=yes
}
leechden={
	location=1511
	color={
		21 29 120 
	}
	outgoing={
		name="ruined_sea"
		path={
			939 934 
		}
		control={
			1849.000000 798.000000 
		}
	}
	outgoing={
		name="akan"
		path={
			1590 
		}
		control={
			2114.000000 721.000000 2334.000000 786.000000 2464.000000 942.000000 2565.000000 1146.000000 2610.000000 1249.000000 2641.000000 1324.000000 2666.000000 1356.000000 2696.000000 1369.000000 2725.000000 1373.000000 2759.000000 1369.000000 2776.000000 1358.000000 
		}
	}
	outgoing={
		name="sorncost"
		path={
			2144 2139 2785 2755 2513 2767 2770 2764 1632 1767 1277 1929 
		}
		control={
			1910.000000 798.000000 2037.000000 907.000000 2192.000000 1084.000000 2448.000000 1266.000000 2500.000000 1373.000000 2572.000000 1401.000000 2606.000000 1416.000000 2624.000000 1425.000000 
		}
	}
	members={
		2227 2224 2223 2231 2232 2222 2224 2220 2217 2213 2210 2211 2209 2228 2229 2233 2206 1066 1108 2216 1067 2218 1068 2234 2185 1069 2207 1070 2759 2780 2241 1511 
	}
	ai_will_propagate_through_trade=yes
}
cheshoshmar={
	location=1528
	color={
		55 55 55 
	}
	outgoing={
		name="trollsbay"
		path={
			1519 
		}
		control={
			1239.000000 1205.000000 1288.000000 1224.000000 
		}
	}
	outgoing={
		name="ruined_sea"
		path={
			1669 1527 
		}
		control={
			1279.000000 1111.000000 1418.000000 1114.000000 
		}
	}
	members={
		1934 1935 1936 1933 1949 1943 1937 1938 1940 1865 1925 1939 1941 1930 1951 1942 1948 1944 1955 1947 1876 1945 1946 1870 1868 1872 1960 1130 1528 1052 1053 1054 1102 1104 1105 1106 1099 1098 
	}
	ai_will_propagate_through_trade=yes
}
trollsbay={
	location=1519
	color={
		106 206 255 
	}
	outgoing={
		name="sella"
		path={
			1517 
		}
		control={
			1359.000000 1318.000000 1451.000000 1340.000000 
		}
	}
	outgoing={
		name="ruined_sea"
		path={
			1527 
		}
		control={
			1343.000000 1224.000000 1452.810059 1165.270020 
		}
	}
	members={
		1051 1020 2449 1021 1959 1024 1023 1132 1131 1025 1956 2476 2563 1027 1028 1873 1031 1901 1026 1953 2685 1867 1029 1032 1030 2410 1035 1036 1952 1033 1958 1037 1046 2614 1049 1048 1047 1869 1041 1042 1954 1034 1039 1038 1043 1044 1880 1040 1045 1866 1050 2741 1519 1991 1019 
	}
	ai_will_propagate_through_trade=yes
}
soruin={
	location=1438
	color={
		87 170 97 
	}
	outgoing={
		name="ruined_sea"
		path={
			1527 
		}
		control={
			1404.150024 900.750000 1347.000000 933.000000 1352.000000 995.000000 1412.000000 1020.000000 1464.000000 1061.000000 
		}
	}
	outgoing={
		name="leechden"
		path={
			2187 2182 1513 1512 1511 
		}
		control={
			1509.270020 842.280029 1576.000000 797.000000 1672.000000 823.000000 1752.000000 749.000000 
		}
	}
	members={
		1306 2175 2177 2176 2178 2180 2199 2179 2190 2191 2192 2186 2187 2181 2182 2197 2359 2189 2188 2195 2201 2202 2203 2205 2183 2184 2351 2357 1438 1071 1073 1074 2091 
	}
	ai_will_propagate_through_trade=yes
}
ruined_sea={
	location=1515
	color={
		73 124 154 
	}
	outgoing={
		name="sella"
		path={
			1576 
		}
		control={
			1522.000000 1150.000000 1552.000000 1217.000000 
		}
	}
	outgoing={
		name="banished_isles"
		path={
			1504 
		}
		control={
			1545.000000 1124.000000 1708.000000 1176.000000 1777.000000 1134.000000 1833.000000 1149.000000 1910.000000 1122.000000 1963.000000 1155.000000 2003.000000 1185.000000 2014.000000 1208.000000 1980.000000 1226.000000 1956.000000 1247.000000 1957.000000 1264.000000 
		}
	}
	members={
		1075 1076 1077 1078 1079 1080 1082 1081 1083 1084 1085 1086 1087 1101 
		1103 1088 1089 1090 1091 1092 1093 1096 1094 1095 1097 1006 1007 1008 
		1055 1058 1059 1062 1063 2125 2137 1221 2788 1100 1061 1060 
		1005 1072 2786 2782 2766 2779 2753 1065 1064 2756 2746 2726 1107 1002 
		1003 1004 1010 1009 2230 2828 2715 2648 2093 1056 2124 1057 2126 1527 
		1515 1533 1672 1843 1521 1506 1508 1509 1518 1671 1532 1514 1228
	}
	ai_will_propagate_through_trade=yes
}
sella={
	location=1517
	color={
		213 54 36 
	}
	outgoing={
		name="dalaire"
		path={
			1576 
		}
		control={
			1563.000000 1343.000000 1599.000000 1359.000000 1588.000000 1395.000000 1591.000000 1433.000000 1612.000000 1480.000000 1627.000000 1538.000000 1653.000000 1581.000000 1606.000000 1643.000000 1646.000000 1686.000000 1712.000000 1705.000000 1754.000000 1725.000000 
		}
	}
	outgoing={
		name="dragon_coast"
		path={
			1583 1502 1503 1590 1630 1591 1588 1571 1637 1606 2763 1294 
		}
		control={
			1570.000000 1333.000000 1617.000000 1349.000000 1683.000000 1372.000000 1791.000000 1489.000000 1929.000000 1592.000000 2047.000000 1689.000000 2132.000000 1742.000000 2242.000000 1769.000000 2357.000000 1748.000000 2488.000000 1692.000000 2562.000000 1652.000000 2617.000000 1648.000000 
		}
	}
	outgoing={
		name="westport"
		path={
			1583 1502 1503 1590 1630 1591 1588 1571 1234 1718 1285 
		}
		control={
			1571.000000 1326.000000 1627.000000 1336.000000 1686.000000 1355.000000 1765.010010 1382.410034 1870.000000 1419.000000 1973.000000 1476.000000 2162.000000 1548.000000 2344.000000 1575.000000 2467.000000 1569.000000 2567.000000 1556.000000 
		}
	}
	members={
		1124 2548 1110 1111 1996 2459 1995 1123 1126 1128 1129 1127 1961 2609 
		1121 2437 1998 1120 1999 2283 1022 1871 1018 1992 1117 2538 2450 1116 
		1114 1012 1119 1517 1015 1014 1013 1016 1113 2557 1115 2208 926 927 925 
		1017 2135
	}
	ai_will_propagate_through_trade=yes
}
banished_isles={
	location=1504
	color={
		202 117 32 
	}
	outgoing={
		name="anbenncost"
		path={
			1504 
		}
		control={
			2057.000000 1262.000000 2118.000000 1272.000000 2172.000000 1304.000000 2223.000000 1316.000000 2260.000000 1354.000000 2355.000000 1370.000000 2490.000000 1387.000000 2525.000000 1378.000000 2573.000000 1387.000000 2647.000000 1394.000000 2712.000000 1422.000000 2770.000000 1431.000000 2803.000000 1440.000000 2816.000000 1454.000000 2817.000000 1477.000000 2818.000000 1488.000000 2819.000000 1501.000000 2817.000000 1509.000000 
		}
	}
	outgoing={
		name="westport"
		path={
			1504 
		}
		control={
			2044.000000 1404.000000 2159.000000 1507.000000 2345.000000 1546.000000 2447.000000 1536.000000 2563.000000 1534.000000 
		}
	}
	outgoing={
		name="dalaire"
		path={
			1584 1592 1605 1473 1453 1265 1929 
		}
		control={
			1926.000000 1318.000000 1791.000000 1377.000000 1720.000000 1514.000000 1820.000000 1621.000000 1817.000000 1695.000000 
		}
	}
	members={
		938 933 932 934 935 936 937 942 939 941 940 931 930 929 928 943 944 945 946 947 948 1011 1504 2373 2370 2369 2363 2376 2372 2214 2395 2371 2368 2367 2374 
	}
	ai_will_propagate_through_trade=yes
}
dalaire={
	location=1576
	color={
		73 96 154 
	}
	outgoing={
		name="serpentshead"
		path={
			1322 696 
		}
		control={
			1905.000000 1829.000000 2162.000000 1917.000000 2315.000000 1942.000000 2472.000000 1946.000000 2685.000000 1898.000000 2761.000000 1856.000000 
		}
	}
	outgoing={
		name="dragon_coast"
		path={
			1294 177 
		}
		control={
			1928.000000 1765.000000 2107.000000 1808.000000 2239.000000 1826.000000 2375.000000 1801.000000 2512.000000 1730.000000 2570.110107 1680.770020 2616.000000 1676.000000 
		}
	}
	members={
		924 949 950 951 2787 1205 1202 1203 1204 1208 1207 1210 1209 1212 1211 
		2851 2852 2846 2847 2845 2849 1201 2848 2853 1217 1215 1214 1213 1206 
		1218 1224 1233 1219 1223 1220 1225 1222 1231 2789 2791 2793 2794 2795 
		2796 1240 1238 1237 1200 1744 1743 1242 2850 2375 2364 1581 1575 
	}
	ai_will_propagate_through_trade=yes
}
vrorensbay={
	location=1286
	color={
		129 129 195 
	}
	outgoing={
		name="serpentshead"
		path={
			1289 1322 696 
		}
		control={
			3018.000000 1858.000000 2992.000000 1883.000000 2955.000000 1883.000000 2924.000000 1889.000000 2882.000000 1861.000000 2858.000000 1866.000000 2844.000000 1877.000000 2829.000000 1878.000000 2812.000000 1886.000000 2805.000000 1872.000000 
		}
	}
	outgoing={
		name="bay_of_chills"
		path={
			1256 
		}
		control={
			3030.000000 1810.000000 2995.000000 1813.000000 2981.000000 1791.000000 2982.000000 1776.000000 
		}
	}
	members={
		717 718 719 720 735 736 737 738 739 740 972 973 974 975 976 977 978 979 980 981 982 983 984 985 986 987 988 989 990 991 992 1286 2829 2830 2831 2832 2833 2834 2835 6171 6220 6240 1289 734 733 2638 2562 1286 1475 1474 1317 2434 2629 2631 
	}
	ai_will_propagate_through_trade=yes
}
serpentshead={
	location=1322
	color={
		186 223 145 
	}
	outgoing={
		name="dragon_coast"
		path={
			1294 177 
		}
		control={
			2798.000000 1847.000000 2792.000000 1821.000000 2766.000000 1808.000000 2757.000000 1794.000000 2743.000000 1783.000000 2707.000000 1759.000000 2618.000000 1749.000000 2566.000000 1729.000000 2574.000000 1698.000000 2623.000000 1690.000000 
		}
	}
	outgoing={
		name="bay_of_chills"
		path={
			696 1322 
		}
		control={
			2825.000000 1854.000000 2884.000000 1837.000000 2943.000000 1832.000000 2965.000000 1815.000000 2974.000000 1799.000000 2966.000000 1787.000000 
		}
	}
	members={
		188 190 199 198 191 345 194 192 193 197 200 694 695 708 698 697 696 699 952 953 954 955 956 997 959 960 1000 993 994 995 996 999 1322 957 958 961 962 963 964 965 966 967 968 969 970 971 998 2769 2768 2517 2515 2540 2771 2238 2722 2747 2196 2773 
	}
	ai_will_propagate_through_trade=yes
}
bay_of_chills={
	location=1256
	color={
		158 209 209 
	}
	outgoing={
		name="lower_alen"
		path={
			1322 696 
		}
		control={
			2965.000000 1779.000000 2951.000000 1796.000000 2942.000000 1822.000000 2920.000000 1822.000000 2919.000000 1798.000000 2921.000000 1789.000000 2926.000000 1778.000000 2925.000000 1763.000000 2918.000000 1755.000000 2911.000000 1745.000000 2892.000000 1746.000000 2880.000000 1740.000000 2871.000000 1737.000000 
		}
	}
	members={
		702 723 705 704 706 722 721 709 712 701 713 707 714 715 731 752 1256 703 724 700 2474 2527 6559 2532 2778 2535 2519 2659 2775 226 716 2380 1323 1477 227 
	}
	ai_will_propagate_through_trade=yes
}
lower_alen={
	location=222
	color={
		64 95 184 
	}
	inland=yes
	outgoing={
		name="esmaraine"
		path={
			216 151 
		}
		control={
			2866.000000 1722.000000 2852.000000 1716.000000 2854.000000 1701.000000 2850.000000 1695.000000 2841.000000 1686.000000 2846.000000 1677.000000 2848.000000 1663.000000 2851.000000 1647.000000 2874.000000 1630.000000 2885.000000 1625.000000 2891.000000 1613.000000 2897.000000 1607.000000 2897.000000 1594.000000 2900.000000 1579.000000 2907.000000 1574.000000 
		}
	}
	outgoing={
		name="beepeck"
		path={
			216 151 
		}
		control={
			2857.000000 1725.000000 2845.000000 1720.000000 2843.000000 1710.000000 2843.000000 1701.000000 2832.000000 1689.000000 2838.000000 1675.000000 2841.000000 1665.000000 2837.000000 1648.000000 2812.000000 1620.000000 2803.000000 1596.000000 
		}
	}
	members={
		224 237 239 221 222 223 341 346 337 220 339 340 217 218 201 202 203 204 195 196 212 214 215 216 219 235 251 1150 1157 1863 1864 2855 2818 336 2743 2286 2555 2436 2424 2714 2777 2610 2341 2526 2419 2284 2607 2290 2487 2646 2470 2712 2647 240 225 2744 2707 2676 2452 2433 2745 241 243 338 2660 242 343 344 
	}
	ai_will_propagate_through_trade=yes
}
dragon_coast={
	location=1294
	color={
		68 97 136 
	}
	outgoing={
		name="viswall"
		path={
			66 63 
		}
		control={
			2660.000000 1656.000000 2685.000000 1655.000000 2696.000000 1659.000000 2707.000000 1661.000000 2721.000000 1651.000000 2720.000000 1640.000000 2726.000000 1631.000000 2729.000000 1621.000000 2741.000000 1622.000000 2744.000000 1616.000000 2750.000000 1613.000000 2757.000000 1616.000000 2765.000000 1612.000000 
		}
	}
	outgoing={
		name="westport"
		path={
			112 85 
		}
		control={
			2634.000000 1635.000000 2611.000000 1599.000000 2601.000000 1564.000000 
		}
	}
	members={
		170 145 144 169 146 177 178 176 175 172 173 174 181 171 179 180 182 184 183 185 187 186 189 138 140 122 1294 1001 4643 4644 4645 4646 2636 2583 2579 2581 2584 2580 2613 2215 167 2578 1151 147 2651 103 165 141 1284 1299 1479 1287 2457 2690 2620 2686 
	}
	ai_will_propagate_through_trade=yes
}
sareyand={
	location=638
	color={
		245 207 137 
	}
	inland=yes
	outgoing={
		name="bulwar"
		path={
			601 
		}
		control={
			3512.000000 1253.000000 3491.000000 1259.000000 3477.000000 1276.000000 3460.000000 1276.000000 3440.000000 1269.000000 3421.000000 1274.000000 3402.000000 1274.000000 3385.000000 1280.000000 3383.000000 1288.000000 3373.000000 1295.000000 
		}
	}
	members={
		625 626 627 629 630 632 633 631 634 636 637 635 639 638 640 641 642 643 644 647 648 645 646 558 585 681 684 690 691 2277 
	}
	ai_will_propagate_through_trade=yes
}
bulwar={
	location=601
	color={
		248 193 92 
	}
	inland=yes
	outgoing={
		name="brasan"
		path={
			565 1398 
		}
		control={
			3363.000000 1296.000000 3350.000000 1292.000000 3342.000000 1284.000000 3342.000000 1277.000000 3345.000000 1272.000000 3340.000000 1263.000000 3328.000000 1260.000000 3316.000000 1257.000000 3303.000000 1256.000000 3295.000000 1251.000000 3280.000000 1246.000000 3269.000000 1237.000000 3254.000000 1235.000000 3241.000000 1228.000000 
		}
	}
	members={
		603 599 601 602 604 611 605 606 607 628 624 608 613 609 614 615 616 617 622 621 620 623 618 689 612 591 610 600 2267 2282 2288 590 589 
	}
	ai_will_propagate_through_trade=yes
}
gablaine={
	location=433
	color={
		154 154 154 
	}
	inland=yes
	outgoing={
		name="flooded_coast"
		path={
			1303 
		}
		control={
			3029.000000 1548.000000 3022.000000 1544.000000 3028.000000 1532.000000 3026.000000 1526.000000 3009.000000 1524.000000 3003.000000 1510.000000 2999.000000 1496.000000 3014.100098 1486.689941 3021.000000 1470.000000 
		}
	}
	outgoing={
		name="arannen"
		path={
			424 
		}
		control={
			3007.000000 1559.000000 3001.000000 1545.000000 3005.000000 1534.000000 2997.000000 1523.000000 2993.000000 1504.000000 2981.000000 1503.000000 2963.000000 1503.000000 
		}
	}
	members={
		424 427 428 426 425 430 441 440 439 438 432 433 434 435 437 436 429 1848 423 314 2492 2530 320 2489 2491 2494 2198 431 2737 1861 1857 1859 804 442 1862 323 322 324 325 
	}
	ai_will_propagate_through_trade=yes
}
golkora={
	location=481
	color={
		180 137 50 
	}
	inland=yes
	outgoing={
		name="mothers_sorrow"
		path={
			1305 475 463 
		}
		control={
			3205.000000 999.000000 3195.000000 1032.000000 3184.000000 1055.000000 3159.000000 1065.000000 3137.000000 1084.000000 3134.000000 1107.000000 3137.000000 1121.000000 3128.000000 1119.000000 3132.000000 1145.000000 3127.000000 1164.000000 3100.000000 1163.000000 3082.000000 1177.000000 3071.000000 1198.000000 3073.000000 1211.000000 3082.000000 1220.000000 3093.000000 1234.000000 3084.000000 1241.000000 3066.000000 1243.000000 
		}
	}
	members={
		479 480 481 482 483 484 486 487 485 488 489 5465 5472 5475 5476 5477 5478 
		5479 5480 5532 5533 5676 6090 6100 6102 6101 6104 5471 5473 5474 5466 
		5467 5468 5469 5490 5664 5665 5470 5491 5492 2264 2340 2343 2348 2350 
		2506 
		5518 5669 5534 1318 2598 2599 2595
	}
	ai_will_propagate_through_trade=yes
}
mothers_sorrow={
	location=1305
	color={
		255 128 64 
	}
	outgoing={
		name="eborthil"
		path={
			1296 380 
		}
		control={
			3045.000000 1279.000000 3008.620117 1294.260010 2964.000000 1310.000000 2944.000000 1334.000000 2918.000000 1343.000000 2899.000000 1358.000000 
		}
	}
	outgoing={
		name="akan"
		path={
			1296 
		}
		control={
			3041.000000 1258.000000 3008.000000 1281.000000 2961.000000 1293.000000 2934.000000 1321.020020 2911.000000 1337.000000 2876.000000 1336.000000 2837.000000 1331.000000 2801.000000 1343.000000 
		}
	}
	outgoing={
		name="brasan"
		path={
			463 475 1305 
		}
		control={
			3111.000000 1245.020020 3167.000000 1268.020020 3215.000000 1236.000000 
		}
	}
	members={
		455 456 457 460 461 462 503 463 546 464 466 467 468 465 470 490 492 493 494 469 471 472 473 491 502 474 592 475 476 477 478 504 1305 6088 6089 6096 6097 6098 6099 496 495 505 454 459 2265 2349 2339 2280 2502 2552 
		2709 2602 2605 2669
	}
	ai_will_propagate_through_trade=yes
}
akan={
	location=1300
	color={
		204 204 204 
	}
	outgoing={
		name="eborthil"
		path={
			380 365 382 
		}
		control={
			2813.000000 1354.000000 2837.000000 1352.000000 2864.000000 1345.000000 2883.000000 1356.000000 2908.000000 1369.000000 
		}
	}
	outgoing={
		name="sorncost"
		path={
			380 
		}
		control={
			2795.000000 1383.000000 2750.000000 1398.000000 2690.000000 1391.000000 2673.000000 1410.000000 2645.000000 1405.000000 2633.000000 1417.000000 
		}
	}
	members={
		402 389 388 387 386 407 385 384 406 396 383 395 401 392 393 390 391 400 1300 5790 5791 5792 6091 6092 6093 6094 6095 6128 381 382 397 398 399 403 404 405 453 458 2521 2507 
	}
	ai_will_propagate_through_trade=yes
}
brasan={
	location=1309
	color={
		147 207 236 
	}
	outgoing={
		name="bahar"
		path={
			1309 
		}
		control={
			3229.000000 1248.000000 3201.000000 1273.000000 3187.000000 1307.000000 3190.000000 1327.000000 3185.000000 1349.000000 3162.000000 1359.000000 
		}
	}
	members={
		497 498 499 500 501 578 573 564 565 567 572 561 570 568 584 679 680 682 683 685 597 596 598 693 692 686 595 1309 554 555 556 557 559 560 562 563 574 577 580 586 588 582 1310 593 594 687 688 2289 2235 
	}
	ai_will_propagate_through_trade=yes
}
bahar={
	location=1312
	color={
		77 198 223 
	}
	outgoing={
		name="flooded_coast"
		path={
			1313 1307 1303 
		}
		control={
			3111.000000 1356.000000 3063.000000 1353.000000 3030.000000 1394.000000 3010.000000 1426.000000 
		}
	}
	members={
		520 521 522 523 525 526 527 528 529 530 531 532 533 534 535 536 537 538 539 540 541 542 543 544 545 581 547 550 548 1312 549 551 553 552 
	}
	ai_will_propagate_through_trade=yes
}
flooded_coast={
	location=1303
	color={
		16 135 99 
	}
	outgoing={
		name="eborthil"
		path={
			380 
		}
		control={
			2996.000000 1442.000000 2977.000000 1413.000000 2962.000000 1397.000000 2958.000000 1380.000000 2938.000000 1371.000000 
		}
	}
	outgoing={
		name="arannen"
		path={
			413 
		}
		control={
			3005.000000 1466.000000 2986.000000 1460.000000 2983.000000 1477.000000 2968.000000 1494.000000 
		}
	}
	members={
		446 450 445 451 447 448 449 452 506 507 508 509 510 511 512 513 514 515 516 444 1303 421 409 410 411 412 413 416 420 922 921 517 518 519 443 1800 1846 1849 1850 1851 1852 1853 1854 1855 1856 2723 2672 2342 1298 1254 2417 2698 2705 2678 2696 2679 2680 
	}
	ai_will_propagate_through_trade=yes
}
arannen={
	location=318
	color={
		51 69 168 
	}
	inland=yes
	outgoing={
		name="esmaraine"
		path={
			266 901 
		}
		control={
			2942.000000 1501.000000 2928.000000 1514.000000 2922.000000 1529.000000 2925.000000 1544.000000 2919.000000 1556.000000 2912.000000 1560.000000 2910.000000 1567.000000 
		}
	}
	outgoing={
		name="eborthil"
		path={
			316 
		}
		control={
			2947.000000 1468.000000 2936.000000 1464.000000 2936.000000 1453.000000 2941.000000 1442.000000 2950.000000 1436.000000 2951.000000 1428.000000 2947.000000 1417.000000 2929.000000 1409.000000 2926.000000 1400.000000 2918.000000 1394.000000 2911.000000 1387.000000 2921.000000 1375.000000 
		}
	}
	outgoing={
		name="anbenncost"
		path={
			109 
		}
		control={
			2936.000000 1497.000000 2925.000000 1508.000000 2913.000000 1509.000000 2904.000000 1512.000000 2898.000000 1508.000000 2893.000000 1496.000000 2882.000000 1492.000000 2877.000000 1482.000000 2866.000000 1477.000000 2857.000000 1480.000000 2858.000000 1488.000000 2860.000000 1498.000000 2854.000000 1499.000000 2848.000000 1496.000000 2838.000000 1496.000000 2834.000000 1502.000000 2834.000000 1512.000000 2832.000000 1518.000000 
		}
	}
	members={
		303 304 305 306 294 300 332 295 307 318 907 903 312 326 321 904 418 419 313 316 317 319 315 913 414 415 327 298 898 906 299 918 919 417 920 579 923 310 311 902 287 301 2204 44 297 2736 2352 2681 2518 2362 2400 2468 2466 2477 2721 2481 
	}
	ai_will_propagate_through_trade=yes
}
westport={
	location=1285
	color={
		191 87 197 
	}
	outgoing={
		name="sorncost"
		path={
			223 221 1295 1296 1297 
		}
		control={
			2616.000000 1530.000000 2604.000000 1520.000000 2596.000000 1508.000000 2580.000000 1500.000000 2597.000000 1476.000000 2625.000000 1466.000000 2631.000000 1450.000000 
		}
	}
	outgoing={
		name="viswall"
		path={
			112 115 
		}
		control={
			2612.000000 1561.000000 2620.000000 1582.000000 2633.000000 1602.000000 2651.000000 1608.000000 2667.000000 1605.000000 2679.000000 1599.000000 2695.000000 1604.000000 2698.000000 1610.000000 2692.000000 1615.000000 2696.000000 1620.000000 2709.000000 1618.000000 2722.000000 1616.000000 2731.000000 1608.000000 2747.000000 1602.000000 
		}
	}
	members={
		128 123 124 125 75 107 87 119 112 110 111 113 121 1 2272 2473 2658 2803 2661 2240 2291 2293 2275 2806 2377 2804 2652 2219 2244 2591 2378 2384 126 129 2271 142 143 2592 130 92 2221 1285 
	}
	ai_will_propagate_through_trade=yes
}
bay_of_wines={
	location=1292
	color={
		142 65 92 
	}
	outgoing={
		name="anbenncost"
		path={
			8 52 
		}
		control={
			2733.000000 1473.000000 2747.000000 1460.000000 2770.000000 1452.000000 2787.000000 1460.000000 2795.260010 1468.790039 2806.000000 1474.000000 2804.000000 1488.000000 2810.000000 1501.000000 2807.000000 1511.000000 
		}
	}
	outgoing={
		name="sorncost"
		path={
			1292 1291 
		}
		control={
			2718.000000 1447.000000 2694.000000 1440.000000 2664.000000 1426.000000 2648.000000 1438.000000 
		}
	}
	members={
		101 97 81 84 86 38 72 73 59 33 32 34 40 70 114 108 79 80 95 67 74 68 61 69 1292 71 2274 2577 2252 2276 2299 2576 2304 2565 2568 2649 2269 2226 2394 1297 1278 2458 2622 2697 
	}
	ai_will_propagate_through_trade=yes
}
sorncost={
	location=1929
	color={
		221 87 127 
	}
	outgoing={
		name="anbenncost"
		path={
			1291 1472 
		}
		control={
			2647.000000 1424.000000 2663.000000 1415.000000 2698.000000 1432.000000 2739.000000 1444.000000 2784.000000 1443.000000 2811.000000 1458.000000 2811.000000 1477.000000 2815.000000 1499.000000 2813.000000 1509.000000 
		}
	}
	members={
		89 6503 91 1847 100 2657 2603 99 98 96 2279 2653 88 85 90 82 83 106 2365 93 94 2650 2656 127 58 102 104 2225 2366 2223 105 2537 2292 78 1291 1929 1264 1263 1265 2641 
	}
	ai_will_propagate_through_trade=yes
}
viswall={
	location=63
	color={
		169 127 74 
	}
	inland=yes
	outgoing={
		name="beepeck"
		path={
			216 151 
		}
		control={
			2771.000000 1604.000000 2767.000000 1596.000000 2777.000000 1595.000000 2782.000000 1588.000000 2790.000000 1584.000000 2797.000000 1583.000000 
		}
	}
	members={
		63 66 162 163 161 164 160 159 166 139 137 133 135 134 7 348 210 149 76 12 211 213 1152 1184 1957 150 148 2606 2836 1177 158 152 2344 2574 2572 2594 2533 2480 136 132 2727 131 2621 2486 2666 2667 2683 2640 2397 2694 141 103 2651 147 165 1151 2578 1266 
	}
	ai_will_propagate_through_trade=yes
}
beepeck={
	location=1266
	color={
		190 127 174 
	}
	inland=yes
	outgoing={
		name="anbenncost"
		path={
			216 151 
		}
		control={
			2800.000000 1572.000000 2782.000000 1546.000000 2783.000000 1531.000000 2796.000000 1532.000000 2804.000000 1528.000000 2813.000000 1524.000000 
		}
	}
	outgoing={
		name="esmaraine"
		path={
			112 85 
		}
		control={
			2840.000000 1588.000000 2870.000000 1563.000000 2893.000000 1568.000000 
		}
	}
	members={
		18 156 154 155 1161 153 1162 2281 157 2495 2464 60 2615 205 1196 2509 151 2543 207 209 347 2626 206 208 2539 1266 1257 1268 2684 1227 
	}
	ai_will_propagate_through_trade=yes
}
esmaraine={
	location=266
	color={
		187 128 165 
	}
	inland=yes
	outgoing={
		name="anbenncost"
		path={
			266 
		}
		control={
			2901.000000 1569.000000 2893.000000 1562.000000 2894.000000 1549.000000 2890.000000 1538.000000 2872.000000 1539.000000 2858.000000 1535.000000 2849.000000 1530.000000 2832.000000 1526.000000 2822.000000 1521.000000 
		}
	}
	members={
		266 254 262 260 267 333 274 911 308 309 302 901 909 273 272 271 900 280 
		916 268 263 270 912 279 576 917 275 905 575 264 265 269 259 255 908 234 
		914 233 335 915 1255 1926 1881 1252 1258 2750 2639 2634 342 2407 2692 
		2702 2691 
		5974 5986 5991 5999 5998 5993 6002 5997 6001 5978 5980
	}
	ai_will_propagate_through_trade=yes
}
eborthil={
	location=1296
	color={
		214 161 50 
	}
	outgoing={
		name="anbenncost"
		path={
			8 52 
		}
		control={
			2907.000000 1377.000000 2873.000000 1395.000000 2842.000000 1416.000000 2832.000000 1435.000000 2826.000000 1457.000000 2834.000000 1476.000000 2832.000000 1489.000000 2825.000000 1503.000000 
		}
	}
	members={
		39 373 374 380 369 35 379 36 377 375 376 378 370 371 288 290 291 292 365 
		367 368 372 366 408 362 363 364 293 289 838 1296 6513 1156 2844 1154 1153 
		2193 2423
	}
	ai_will_propagate_through_trade=yes
}
anbenncost={
	location=1270
	color={
		84 162 167 
	}
	members={
		10 13 15 28 23 24 27 26 43 46 14 42 57 11 8 168 4 2 9 50 51 45 25 276 330 37 277 29 52 53 54 55 56 283 285 286 331 282 284 329 278 328 281 1270 16 21 30 22 19 910 899 569 394 109 3 5 6 41 49 524 1272 1271 1269 1274 1275 1276 1293 20 31 1159 1179 1176 1198 17 296 2353 2360 2546 2358 2718 587 47 2354 1185 48 2478 1253 1928 1472 2413 1280 2446 2693 1199 1194 
	}
	end=yes
	ai_will_propagate_through_trade=yes
}
